1520430766.9282231331
1520430767.0282251835 1520430766.9282231331 0.99727722478688973773 0.016034895789172998182 0.071979295900902767746 0.29152347576912163163 -0.013294336756740247202 0.99917427020526772274 -0.038393207341524820952 0.12292440650179906059 -0.07253549153040719788 0.037331754269003841751 0.99666691657325579001 0.94863251755443789293
1520430767.1282291412 1520430767.0282251835 0.99827521613082681462 0.018931482464823234935 0.055571501964901237614 0.33410545430120741628 -0.017805953226612186713 0.99962758403196549928 -0.020679489164577541382 0.23893067141288729105 -0.05594229963670210859 0.019654317950525301839 0.99824053559112502221 0.91174869326167429229
1520430767.2282321453 1520430767.1282291412 0.9988396320346426549 0.026367805398275830087 0.040300475374090760639 0.36464646804031558558 -0.027862821909352970817 0.9989268810193717707 0.036996615144596955993 0.16983752235721755186 -0.039281708620510780161 -0.038076570425767064521 0.99850243973285557342 0.91552617075935338598
1520430767.3277778625 1520430767.2282321453 0.99948708931398433375 0.001091624982520176786 0.032005728386606924207 0.36508868378482178807 -0.00046409243464048781369 0.99980764170548241943 -0.019607758809556865426 -0.018698801369921871918 -0.032020976138647461173 0.019582848164125258444 0.99929533629698708008 0.93078494175593229354
1520430767.4277808666 1520430767.3277778625 0.99949840227104291834 0.017887045849800851938 0.026134219873553854452 0.5102600849763117008 -0.018091882180954310666 0.9998072718614050558 0.0076225279405447710079 0.087895694658601863924 -0.025992838567239884284 -0.0080915217246843446075 0.99962938113052490774 0.85551679851447037795
1520430767.5277838707 1520430767.4277808666 0.99922414191576514053 0.01340790359561737366 0.037031639632526258676 0.47693378505084338403 -0.013487116560195647197 0.99990725836288496531 0.0018900688110560504018 0.183061800909879141 -0.037002863397234131426 -0.0023880524260282975924 0.99931230619162114692 0.85966420288663147886
1520430767.6277868748 1520430767.5277838707 0.99879168942552321031 0.0054555876580951873089 0.048840533348992909435 0.50719642679583554212 -0.0044771276767708589883 0.99978753179630885928 -0.020120799994292892787 0.19444462978848806034 -0.048939927076724676347 0.019877822515287829619 0.99860390331190651558 0.8396088795337709465
1520430767.7277712822 1520430767.6277868748 0.99836643951078785086 0.022230037262656668351 0.052633429508758822202 0.45235937040972368228 -0.021710106473118578885 0.99970990506012669119 -0.010429621354517637499 0.20479376755639161489 -0.052850011688536424614 0.0092699065784749568042 0.99855943493441989833 0.86800375158899945038
1520430767.8277742863 1520430767.7277712822 0.99808680596160015419 0.043552555556190877817 0.043885107609484941271 0.5063294810037322069 -0.044326005880740329546 0.99887571981991429837 0.016807782629131483298 0.050556097354415754919 -0.043103746566067191459 -0.018720877617581670183 0.99889518758135764642 0.86085686248457216063
1520430767.927778244 1520430767.8277742863 0.99907181131461975099 0.022148639003544062093 0.03694527881632114763 0.57719725152517487032 -0.020700707335296591322 0.99901992547714457693 -0.039123767909786569263 -0.041930041559574526833 -0.037775607901705920977 0.038322660266885688607 0.99855113897973479808 0.81552756203981013883
1520430768.0277812481 1520430767.927778244 0.99858253256584084134 -0.0073807402121486842539 0.052711007657908592883 0.60274236559697258464 0.0065595476477685044081 0.9998546774458522135 0.015735193812218994935 0.10467063166260284768 -0.052819484937359828525 -0.015367129321126091201 0.99848583031877824467 0.79104089627649298855
1520430768.1281347275 1520430768.0277812481 0.99889650835223897651 -0.00085065118809772577446 0.046957874677861999313 0.57619710062464912781 0.00051353078504723370656 0.99997401395874774277 0.0071908061691959013206 0.21457252629029055502 -0.046962771296404415278 -0.0071587568603999618411 0.99887098782193839419 0.78864157396953837864
1520430768.2281386852 1520430768.1281347275 0.99962255346172868009 0.012156289051414123636 0.024636867640832615933 0.5025333027183089829 -0.011633022174949228522 0.9997060366275627441 -0.021272355898851125211 0.22696048517592259941 -0.024888218211245649591 0.020977725494169097153 0.99947011542484887059 0.83423570879442587866
1520430768.3281416893 1520430768.2281386852 0.99992450541364774619 -0.011483637936662877133 0.0043714451857764236031 0.53377970238511296408 0.011441786940957876517 0.99988958937473215727 0.0094812747891520332555 0.25411990414522434012 -0.004479842058636551716 -0.0094305418597939727476 0.99994549646236241536 0.80653723016292477865
1520430768.4281446934 1520430768.3281416893 0.99996134045198326046 -0.00080541611002447888179 -0.0087560782524073732525 0.6102951010151173028 0.0010959648771624724839 0.99944717887094403075 0.03322853454336732737 0.17605165086287613563 0.0087244749103079777264 -0.033236846297466926536 0.99940942340251026632 0.77236371348309962315
1520430768.5283234119 1520430768.4281446934 0.9999685645502822684 -0.0018899005804811526421 -0.007700531607871652362 0.55695591272043498687 0.0017248916618091900133 0.99976995864556617022 -0.021378833892380461057 0.019209895470406784107 0.0077391640377337256318 0.021364879256360765764 0.99974179030105458921 0.83031987282116925808
1520430768.6283254623 1520430768.5283234119 0.99996147229334320095 -0.00011453470812750055075 0.0087772894865276729348 0.57464392605696867911 1.640850835678275832e-05 0.9999375149864170309 0.011178812707552013284 0.15975935756436265844 -0.0087780213995257705406 -0.011178237991307335419 0.99989899156650774437 0.80265889761246356215
1520430768.7283322811 1520430768.6283254623 0.99997794313461230153 -0.0022635013666887221495 0.0062441817584767411731 0.64019929339381165256 0.0023188105627121036179 0.99995801883166779422 -0.0088647443178097307115 0.14943260390502613455 -0.0062238542595522416967 0.0088790278639546416084 0.99994121152313086842 0.75353484433583295399
1520430768.8283324242 1520430768.7283322811 0.99969173510318665166 -0.0015638696261611739757 0.024778803001208660195 0.62627929117391845093 0.0021047982601662823532 0.99975971561449294978 -0.021819277227087180426 0.20066228297879837306 -0.024738726536835509151 0.021864705491290326034 0.99945481641898892278 0.75333186421153808254
1520430768.9283432961 1520430768.8283324242 0.99911064515782455064 0.010448110653233408374 0.040850406559705898513 0.60505665346221548795 -0.010094293948910218472 0.99990981669031275825 -0.0088579747131089792145 0.19271754023291137736 -0.040939271634806539968 0.0084377408186600277862 0.99912600835324494319 0.77250656682495610905
1520430769.0279479027 1520430768.9283432961 0.99948669174174442631 0.018710616348880888815 0.026005112324091750331 0.67154243822479930959 -0.018819516834691768503 0.99981509762930231844 0.0039492200011851559538 0.018733561774287789403 -0.025926411576853269914 -0.0044365964831161314175 0.99965400904232570856 0.74072924022637409713
1520430769.1279509068 1520430769.0279479027 0.99973602319954157913 -0.0075994311017416934367 0.021682540535992944619 0.74020191441207217053 0.0076337639031399699349 0.99996973571614278242 -0.001501099749517442565 0.0074923246499641387927 -0.021670476825308038205 0.0016662228892805404541 0.99976377916758252251 0.67234291174373383981
1520430769.2279539108 1520430769.1279509068 0.99963575884883382194 -0.022454920804123909561 0.014970843743639661305 0.71140802790658541621 0.022640887572360712809 0.99966712684992775628 -0.012370355918340333878 -0.11105339984311121682 -0.014688084989258165525 0.012704803315723434132 0.99981140628223352795 0.69394939312124870323
1520430769.3279569149 1520430769.2279539108 0.9998696006698439831 0.012529620226483684231 -0.010187751140818046558 0.67505895721765984963 -0.013007406191994672767 0.99874965690498651583 -0.048269350693052770485 0.026950209454814643556 0.009570216323762370525 0.048395572619326907016 0.99878239847844951793 0.73727138184697493806
1520430769.427656889 1520430769.3279569149 0.99900299776479672964 0.025903699738701629895 -0.036359438895518625401 0.58065790869250821782 -0.027325515358257383702 0.99885893747155418687 -0.039168089608802025836 0.0845862876801503627 0.035303352069674387437 0.040122579341870440173 0.99857090482328780823 0.80974165819064358729
1520430769.5276608467 1520430769.427656889 0.99986625217449964786 -0.0059709132449682900123 -0.015225831916211740591 0.76796180143676640029 0.0065198364641677053477 0.99932108279349163293 0.036261070267208483919 0.34891594192564018284 0.014998983132205490065 -0.036355490362034448282 0.99922635514959057268 0.53711482664709586654
1520430769.6276638508 1520430769.5276608467 0.9995593214496358847 -0.023500922780047450722 -0.01813476031353961071 0.80589592778050389565 0.024255728776213902886 0.99879814837689906426 0.042590121159870514278 0.51271624864987974668 0.017112057873851199696 -0.043011224434604838907 0.99892803146570963158 0.2960638477713803951
1520430769.7276668549 1520430769.6276638508 0.99999198178956250072 -0.0039791957082768170118 0.00044984230381576659208 0.80735427670403780986 0.003937109172639730037 0.99745823235168340481 0.071144738984815159011 0.5900386460827719004 -0.00073179774923600414416 -0.071142397453065775448 0.99746590104959675926 -0.0057851548387959413761
1520430769.8275010586 1520430769.7276668549 0.99927119673013620194 -0.02176152117814067477 0.031360988210423851319 0.87150404245927104441 0.019860730717678798385 0.99801895226595660482 0.059696920300147227056 0.47440230411486966622 -0.032597956391173701918 -0.059030560847544100156 0.99772379250228548919 0.12419000695567893044
1520430769.9275040627 1520430769.8275010586 0.99832590079206762201 -0.012613286808656809512 0.056447327692190768511 0.95846085736374486697 0.010856459639895399416 0.99945036926416830347 0.031322462575678375329 0.28493798343588333521 -0.056811381709956011721 -0.030657207531019914359 0.99791412583178029649 0.012772254971131637158
1520430770.0275080204 1520430769.9275040627 0.99382497585360696224 0.044713410877018355816 0.10155111155137769297 0.97631538469512058054 -0.047129990380564923402 0.99865687683978610067 0.02152222914411589666 0.17452958912706320604 -0.10045238362679746735 -0.026175431770018860178 0.99459748913585521723 -0.12785809370844397614
1520430770.1275110245 1520430770.0275080204 0.99008945355199828864 0.064755140912692993327 0.12461799906306779417 0.9956214865282112525 -0.069421153660734355451 0.99702590678840186111 0.03346706765131764183 -0.050908469464269343052 -0.12208020883631462428 -0.04178651598473138995 0.99164021181693695617 0.078397597540746391531
1520430770.2276017666 1520430770.1275110245 0.99267974525007063313 0.041714401764421038532 0.11334386642289756564 0.93846225708703256974 -0.038492316896010903005 0.99879424057221566358 -0.03046976435333985378 -0.33222246689392953556 -0.11447822897927918684 0.025883849891533319831 0.99308849626030826219 0.094428938964834563397
1520430770.3276059628 1520430770.2276017666 0.99800562219923572016 0.046478213461395967432 0.042714795237166758302 0.74330005884072269939 -0.044548702530648631726 0.99799025336375724038 -0.045065144998982425983 -0.59716906676100101059 -0.044723496750052660342 0.043072379367530055916 0.99807042786271715773 0.3014865307624427504
1520430770.4276089668 1520430770.3276059628 0.99890744923914409625 0.045792005432014670774 0.009327384041675712556 0.55852539329201644769 -0.045007396314657333036 0.99640669791173075431 -0.071749750059611039354 -0.6145780976418796504 -0.012579432877596330442 0.071251558545449567017 0.99737905195232712252 0.55708450610915993817
1520430770.5276119709 1520430770.4276089668 0.99885223994038874196 0.032859535592264024761 -0.034849012708086796186 0.24378944029379784331 -0.036634995455344876447 0.99281596198154797861 -0.11390497242280622769 -0.56988253974274671876 0.030855791580423397313 0.11505093026705204284 0.99288025641092847451 0.78472963477722268433
1520430770.6277694702 1520430770.5276119709 0.99701390482465568343 -0.020903407878695538791 -0.074339230056205879427 -0.17022548855734059847 0.011227618573926179124 0.99167603375907642516 -0.12826762899900101544 -0.48176197481622057284 0.076401663381441109468 0.12704995713074396235 0.98894949022972111763 0.85960961061786056447
1520430770.7278375626 1520430770.6277694702 0.99379049484637405065 -0.045984962140933352548 -0.10132045997672844972 -0.30002723176065249078 0.03340129168809272131 0.99189806504025224143 -0.12256664425107777205 -0.35941317768286729084 0.10613579069553241707 0.11842133180428357497 0.98727482602724836447 0.88363217908241820098
1520430770.8277754784 1520430770.7278375626 0.99368000129288791555 -0.075245342177461857491 -0.083295819289824490905 -0.52308512015489916358 0.06706090446604112687 0.99301874974933668216 -0.097039155697382029064 0.10553157291594872369 0.090016054805589773569 0.090839975379019749502 0.99178889323806018741 0.84572161151907465637
1520430770.9277784824 1520430770.8277754784 0.99227552581409361743 -0.096735615662976892626 -0.07766274224278113536 -0.67486387901443911641 0.096110790009190705252 0.99530126371286042897 -0.011752042179656696508 0.57652539582006689933 0.078434666533192587412 0.0041970363219742123917 0.99691042123750461812 0.46062697790739492998
1520430771.0275917053 1520430770.9277784824 0.99179356979301347419 -0.096011149053370131723 -0.084423777306410235921 -0.29902061950678837654 0.10162677661657210093 0.99270078881072321142 0.064939527016240977675 0.95088983822009154334 0.077572631718642606757 -0.072986321677553256393 0.99431156266847486869 -0.07996989858405552376
1520430771.1275956631 1520430771.0275917053 0.99673273377852045218 -0.056433408525594447314 -0.05778518682655774813 -0.18297465254473319063 0.059500129984180777365 0.99683082667664235643 0.052801870412203570637 0.98311747477532995809 0.054622266030094346334 -0.05606757877191518441 0.99693171013083592413 0.0005543622574498098185
1520430771.2275986671 1520430771.1275956631 0.99892775725377658258 -0.037520627049945687315 -0.027120809975357373922 0.047074925185531697747 0.039290311696293496457 0.99691350842584547376 0.067968581895459706521 0.95161704436961136455 0.024486878011470970123 -0.068961288153938982148 0.99731877227965626265 -0.30365927004460380179
1520430771.3276016712 1520430771.2275986671 0.99989630947617769152 -0.009632349785902660777 -0.010704584696393418253 0.22042538351027224364 0.010278542828812575749 0.99802024544796608119 0.062047894672564496421 0.89559229125659722826 0.010085725221148325592 -0.062151488426130219178 0.99801576672574654481 -0.38642864560757811399
1520430771.4274377823 1520430771.3276016712 0.99977653385116260765 0.0097535403876454762617 0.018755020940048550138 0.42323701522695561517 -0.01097889663122819659 0.99773384354108030081 0.066382537474127700783 0.69703308177653888755 -0.018065054367919775036 -0.066573612660345504732 0.99761796691320381303 -0.57880507241287926234
1520430771.5274407864 1520430771.4274377823 0.99741566926809988036 -0.014227753444403079541 0.070424099074066326409 0.63470983131594049809 0.0074806775927881430377 0.99543403465540236663 0.095158405369258042272 0.41550754049377491839 -0.071456435408025820166 -0.094385664597928270458 0.99296793712444997304 -0.65153427678342767937
1520430771.6274437904 1520430771.5274407864 0.99555972691938698915 -0.0018937874525010167659 0.09411293059554132201 0.78705751002142165795 -0.0047898231316683415049 0.99748326728410696695 0.070740293204020324169 0.17676557110808877038 -0.09401004058377882 -0.070876971276347539019 0.99304509827707643232 -0.59101134404485966556
1520430771.7274467945 1520430771.6274437904 0.99542434974093541022 0.048356906224883880463 0.082413430720929992113 0.88600425314827513379 -0.050167733332304773053 0.99853965193778970733 0.020044002600691657873 -0.012910817008792346838 -0.081323812472943846075 -0.024086783270407127744 0.99639664009697959113 -0.46349732923430392306
1520430771.8276815414 1520430771.7274467945 0.99614750799985185559 0.063415663809845784771 0.060568935018221303768 0.855233048846634758 -0.06577503722654012841 0.99711875960266105334 0.037786554834982347129 -0.2534521027055632314 -0.057998161897875544213 -0.04162490639036288409 0.99744853520593301788 -0.45203812205899013277
1520430771.9276845455 1520430771.8276815414 0.99386749943975227772 0.049617675576929476389 0.098820442357422572099 0.73830903671243464093 -0.050320247456228817118 0.9987224094918005779 0.0046283339158116054701 -0.5922052960641231989 -0.098464543127554149393 -0.00957261976863932329 0.99509451746929378224 -0.3227888684920235951
1520430772.0276875496 1520430771.9276845455 0.99758609609329096379 0.028334807675374606983 0.063396526366563593635 0.71327831159612897771 -0.023841892036835621305 0.99722417913446181892 -0.070537229416122504411 -0.70026011467030402358 -0.065219207795332231892 0.068855466185324454287 0.99549253121806535738 0.029492745014805983594
1520430772.1276905537 1520430772.0276875496 0.9997002874422588059 0.0060362710041340361666 0.023725486722712626347 0.12756939299477915162 -0.0031868116675022456485 0.99296658929951187034 -0.11835200364290296426 -0.98791789405729801832 -0.024273020398393532759 0.11824092340327226058 0.99268822120214561533 0.088001616873418786469
1520430772.227789402 1520430772.1276905537 0.9994151697013752278 -0.034053625497094591745 -0.0031095275003302433325 -0.22995891413252092517 0.033318974946346030519 0.99022316083612904603 -0.13545455936302144839 -0.96429204667552592678 0.007691844986505928794 0.1352717351637405252 0.99077868022404180781 0.13137635452895202182
1520430772.3277935982 1520430772.227789402 0.99768878935542226749 -0.066217426210538610221 -0.015242442736129874215 -0.44387589292215090531 0.064414487373463058528 0.99309447209086021413 -0.098051737970266561462 -0.87451191937148220479 0.021629919346273299152 0.096843285614583163312 0.99506458314043433333 0.19545611926918510237
1520430772.4277954102 1520430772.3277935982 0.99539029508177123695 -0.094690633821229719391 -0.015226435024596817608 -0.7438365119300465178 0.093577425558012850004 0.99367358449281573129 -0.062097285827430355465 -0.66746779323128946348 0.021010137623515504762 0.06038618507351485587 0.99795394822071226137 -0.034554138951719090556
1520430772.5277984142 1520430772.4277954102 0.99444953983556760857 -0.10321030297028194189 -0.020438837579720939286 -0.91465285303960386365 0.10273885577874369845 0.99444444106136031802 -0.022912467248919241719 -0.39377773344489053198 0.022690091099467152302 0.020685429725797097739 0.99952852523725244094 -0.09137425824332284785
1520430772.6277673244 1520430772.5277984142 0.99710884471138094831 -0.073808982592682453872 -0.018060617015170518651 -0.99401120337990933606 0.074154561840405891493 0.99706042955549434303 0.019276949262556040965 0.050879219172482920142 0.016584714546623233189 -0.020560493750074730623 0.99965104578555830095 -0.096711078019136031969
1520430772.7277703285 1520430772.6277673244 0.99987267490319986507 -0.010027587486671318828 -0.012412955776807121921 -0.89592128954634342453 0.010740628423820786086 0.99821339130885444746 0.058776392478077255088 0.33574794983688410754 0.011801393264408710504 -0.05890223171385541856 0.99819399628336047403 -0.29085796725884266456
1520430772.8277733326 1520430772.7277703285 0.99961639564665549784 -0.0014816996300133222775 -0.027656213055939626866 -0.78050515297193368003 0.0036920697797235835225 0.99678448090930549252 0.080044158057335085266 0.51131589018489975729 0.027448682575503757786 -0.080115561438290031071 0.99640758058150913357 -0.35967730902669087234
1520430772.9277763367 1520430772.8277733326 0.9987316245424920913 0.01264078132207596683 -0.048737591100531274524 -0.6685740265927013759 -0.0073739630643476217209 0.99425671217140454416 0.10676710622113300131 0.56693248918386618396 0.049807296728900829486 -0.10627229624731265867 0.99308883401379677291 -0.48124455703250046401
1520430773.0276851654 1520430772.9277763367 0.9972730302915389089 0.043086230899755328938 -0.059917274303697698468 -0.63203805922585876154 -0.03806205313584176686 0.9958553568130078526 0.082603803894986199685 0.65126746002440116801 0.063228025148789279708 -0.080097971345658713904 0.99477963983089945366 -0.41997450780181250218
1520430773.1276881695 1520430773.0276851654 0.99610773558808229922 0.022671910253263094503 -0.085178422074204118708 -0.70811066317252813196 -0.017219166452089540442 0.99778761472342247796 0.064213520470678603358 0.53537866458413041482 0.086445817760482435155 -0.062496883042364448357 0.99429435289641965312 -0.46037916352662566766
1520430773.2276911736 1520430773.1276881695 0.99163674451946570709 0.001095270327281017142 -0.12905567520162306017 -0.79334360516749025116 0.0061689038407909402295 0.9984187731006346489 0.055873948720555371983 0.47996900216959215157 0.12891280597457979717 -0.056202792663126999173 0.99006198520730248624 -0.37448054835488520098
1520430773.3276941776 1520430773.2276911736 0.98940347998090794057 -0.009449017073321519522 -0.14488433275553733171 -0.8013478289095502527 0.01632247212501736211 0.99879301510561568911 0.04632590938083777643 0.40868298148111853463 0.1442717252457918764 -0.048199886437435141007 0.98836351624390783588 -0.43682934625509556303
1520430773.4276952744 1520430773.3276941776 0.99192491043537422968 0.010679940949338301293 -0.1263760694083069791 -0.90183800822037218925 -0.0048571491707100344914 0.99891605541959005432 0.046293869215043505216 0.079676214170082110266 0.12673350054231136141 -0.04530621465411480836 0.99090159287085977091 -0.42466446498928372977
1520430773.5276992321 1520430773.4276952744 0.98994629768300546058 -0.0076835307616606313141 -0.14123487904460851894 -0.93638937066686167565 0.011095206140149929674 0.99966497555023714483 0.023384461910665729073 -0.13750701347408245123 0.14100788667453398317 -0.024716391588951933111 0.98969989182701401109 -0.3229036508736897737
1520430773.6277031898 1520430773.5276992321 0.99147903756464772496 -0.059801979256014992092 -0.11572830832144515023 -0.90160432503075471633 0.059720706782531329804 0.99820640473531352388 -0.0041726163009011621452 -0.39880767083683432705 0.11577026928911922365 -0.0027743147735589182568 0.99327214192599910803 -0.16751741034154310483
1520430773.7277052402 1520430773.6277031898 0.99488729998473179883 -0.079361912814516766268 -0.062457562580616798886 -0.77738342632372015029 0.076957904009158306646 0.99623157617183955015 -0.040001595576798359977 -0.48038594338543039175 0.065396799154146756372 0.034990476312757062827 0.99724566944549775105 0.40608417092381660085
1520430773.827709198 1520430773.7277052402 0.99618188122383466432 -0.084606330917336713959 -0.021527384654146192178 -0.46993153470460519161 0.082216462620588515176 0.99211413287597460808 -0.094604442929019483266 -0.78494619274997445846 0.029361757363938867371 0.092473326513426878925 0.99528215652047247186 0.40376209229878640139
1520430773.9280693531 1520430773.827709198 0.99866014982699136127 -0.048372892457448343762 0.018383917505020413996 -0.13715161499243555543 0.050440323354542432321 0.98929168766337183261 -0.13695886426240105882 -0.76069988775620056565 -0.011561960362346440645 0.13770265064790054854 0.99040612936164840185 0.63444867032146168295
1520430774.0280723572 1520430773.9280693531 0.9960460915119558889 0.033839639726812281717 0.08214050381459632455 0.11334788902391582099 -0.022069390327752388958 0.98987907328051139011 -0.14018688345161600672 -0.67496796351792331947 -0.086053039425214181146 0.13781980650282171785 0.98671200222821187076 0.7290888178255710006
1520430774.1280763149 1520430774.0280723572 0.98920676729206002964 0.0664062162701041514 0.13061464689796681293 0.44117276119160186987 -0.053591360407063304283 0.99361397554457320247 -0.099293673978902319277 -0.4228230742409472831 -0.13637425575713529868 0.091222157632871281319 0.98644846815405995422 0.79157263891067697337
1520430774.2280783653 1520430774.1280763149 0.99153179392319135133 0.074690448603792383708 0.10623576858489064412 0.55541635364635155714 -0.069334297811240813703 0.99617113897171949422 -0.053252389869460278748 0.025535217557537827349 -0.1098064514793208879 0.045435655240692318646 0.99291396628628847409 0.83118026129503352895
1520430774.3281364441 1520430774.2280783653 0.99029118587753584002 0.11923394228064762568 0.071460717750933433479 0.51537123528110462267 -0.11856505540111667019 0.992853893272020116 -0.013545266786687548688 0.57028877361787122524 -0.072565107393247063605 0.004941014350073269501 0.99735143834367567806 0.63965866251482317306
1520430774.4281394482 1520430774.3281364441 0.99509523379409270394 0.073597155708593653411 0.066097914883031044786 0.35611312193684602212 -0.076982613186778459102 0.99576686604898534405 0.050219774451071230725 0.90595675741577108564 -0.062122080995522833968 -0.055061848412368386008 0.99654856374498845817 0.22896680562276719439
1520430774.5281424522 1520430774.4281394482 0.99752960785600475191 0.062125995401487749126 0.032787835335993491259 -0.21727320530749183458 -0.064887958078560820097 0.99371023397577529224 0.091266224794306197166 0.97604475093891041038 -0.026911602461407165693 -0.09316829711433094463 0.99528660900555410151 -0.011357747136149023981
1520430774.6281454563 1520430774.5281424522 0.99588905471617339416 0.062887810562791190971 -0.065192898226300671771 -0.41390966393126860101 -0.059403778130376616584 0.99676855896103722099 0.054070611339012766838 0.89492659066903113008 0.068382613582425713639 -0.04997562555242363036 0.99640667150028705557 -0.16668889410458387346
1520430774.7276825905 1520430774.6281454563 0.99588427135377344257 0.020435068271571932286 -0.088300204161144535409 -0.78473807345285284676 -0.0097841204350578858673 0.99279669695739714008 0.11941101078959981407 0.58027667225311463373 0.090104323189710983089 -0.11805560763986538975 0.98891055432091867772 -0.21786495751349244099
1520430774.8276855946 1520430774.7276825905 0.99350327280124339779 -0.0029504484911178630036 -0.1137652925409126381 -0.8091487676466480039 0.016166496309701017253 0.99318486997931010318 0.11542295456818325861 0.39762808655942788461 0.11264941779825865531 -0.11651226930191424525 0.98678011723576586345 -0.43263168699830506503
1520430774.9276885986 1520430774.8276855946 0.99118039458308582201 -0.0021784631464465686879 -0.13250162147097563348 -0.92012487477335935804 0.0095781520803806807773 0.99842747714470736486 0.055234336106991417659 0.17117286603296871794 0.13217293367722168784 -0.056016311738408347543 0.98964260641020418419 -0.35223580845417923335
1520430775.0276916027 1520430774.9276885986 0.99028455817054994448 -0.039493008654080466457 -0.1333296520523760964 -0.9802847852416800567 0.040595839145782436352 0.99916016784240668791 0.0055620896418442367093 -0.15517682043801944713 0.13299801386866161312 -0.010920680591560098099 0.99105613718013396696 -0.12231882202841920515
1520430775.127851963 1520430775.0276916027 0.99287636968280534866 -0.051005913189664242591 -0.10767967006441581113 -0.92449539444387018872 0.048425857475336564484 0.99847670337226002157 -0.026442563238867147074 -0.37971441019338736389 0.10886436907120444761 0.021039715838183793706 0.99383392953962768068 -0.033544483056986831859
1520430775.2278549671 1520430775.127851963 0.9942550300988914902 -0.065513201138071963658 -0.084646060745292822647 -0.73072273545732824296 0.060579930226247413749 0.99638282058717186906 -0.059593178238245503309 -0.65740046238350291485 0.088244020629367037056 0.054122964769078102387 0.99462741642675811526 0.18403509432637044085
1520430775.3278579712 1520430775.2278549671 0.99618793502947367013 -0.085613625157558381762 -0.01673037026171372843 -0.46825451981470794793 0.083326291143745900847 0.99066170600314407135 -0.10791716018858071857 -0.80325042075495178828 0.025813316445986944636 0.10611169325913688555 0.99401910507179791487 0.36813919409659484616
1520430775.4278619289 1520430775.3278579712 0.99909112283136369825 -0.027202553512797711388 0.032816906648068994157 -0.24963625105408604465 0.029636017498840955264 0.99665960123385266556 -0.076100891815970239662 -0.74416667974620254178 -0.03063714651159757385 0.077004287872565801987 0.99655993542930765283 0.61959478283405022836
1520430775.528181076 1520430775.4278619289 0.99801327474884138358 0.013868066149376391538 0.061458768018650522524 0.066475836352973244336 -0.007481345498120982318 0.99465786036027725725 -0.10295518584827656472 -0.64980047138502472492 -0.062558236025574975869 0.1022908479033775575 0.99278550026709044829 0.75719238676110123265
1520430775.6281850338 1520430775.528181076 0.99584906199853495679 0.033378453355881188003 0.084678949971094152893 0.40252018447732640372 -0.023429869253604074242 0.99298795458134292424 -0.11587045906148513152 -0.357258376762511487 -0.087952754041001224294 0.11340547124336466944 0.98964817594369058895 0.84281905135168488918
1520430775.7281880379 1520430775.6281850338 0.99171162058505268888 0.064444239195249913843 0.11115305497877231433 0.4109144455245197225 -0.056273067334433823916 0.99558329068488393698 -0.075148208240994704421 0.029713802068495599046 -0.11550499335242098153 0.068270428031491386944 0.99095799364405667831 0.91118955680248603368
1520430775.8281910419 1520430775.7281880379 0.99356564615427556131 0.065313758166571644903 0.092527940516340778654 0.53239613884800629506 -0.064117648711786212612 0.99781655623394982513 -0.015844469984587189471 0.29617465337685755511 -0.093360772842285555395 0.009809847072156874237 0.99558401604018897935 0.79299112607697730404
1520430775.9279098511 1520430775.8281910419 0.99634973428699791231 0.058808266521470003996 0.061877255716205253888 0.39393965228868355055 -0.058025111620813557556 0.99821155369000247326 -0.014379864435525635535 0.57536552289149589523 -0.0626122464668137646 0.010736939439696724374 0.99798017251037984821 0.71677476617307545048
1520430776.0279128551 1520430775.9279098511 0.99744728095620838193 0.044941513017423093124 0.055490378632440717777 -0.019535152021413870749 -0.045264020989286279928 0.99896461377305678653 0.0045682417984648782117 0.89510284509499404848 -0.05522762096042404395 -0.0070682980237515291577 0.99844877136791532202 0.44543155988136690082
1520430776.1279158592 1520430776.0279128551 0.99774714865388325347 0.048071815370282877655 0.046794528740565777269 0.20378891747927574407 -0.051995040180328661039 0.99488631812212524608 0.0865894324386479175 0.97900277849784145268 -0.042392725197753194921 -0.088827442721304286644 0.99514448311282988069 0.0048617698558200191788
1520430776.2279188633 1520430776.1279158592 0.9987288575966909443 0.042027899879926444715 0.027826689262146951653 0.045943527249400331613 -0.044781595394714504565 0.99323612682085871128 0.10712891809312208302 0.99147030195507901418 -0.023136069621120781969 -0.10823886552242517611 0.99385565867127001471 -0.12196652264038455871
1520430776.3276269436 1520430776.2279188633 0.9999774965337565602 0.0054286243480050067056 -0.0039416321200242618317 -0.15384102382271033771 -0.0049791346299394578789 0.99432682376757064446 0.1062514741292166498 0.98379673126089484114 0.0044960698858329626454 -0.10622945718576792817 0.9943314778189409342 0.092070250078726573184
1520430776.4276299477 1520430776.3276269436 0.99947221972760558195 0.017158037416673987963 -0.027584121243589547479 -0.42125111792459302151 -0.015019860028613718494 0.99699957539384909122 0.07593583126038537523 0.8832240747756364696 0.028804267001503056078 -0.075481444186587198786 0.99673109000673476565 -0.20606486693272529909
1520430776.5276329517 1520430776.4276299477 0.99752242561800730236 0.041813808471633240327 -0.056573985278261768039 -0.50297575612059763905 -0.038272504398163376127 0.99732375193462974305 0.062294054564826978337 0.77175249451056782135 0.059027330926105264775 -0.059974488310702983584 0.99645312732491819752 -0.38911884556216153053
1520430776.6276359558 1520430776.5276329517 0.99460409689668849431 0.030534073108766268678 -0.099148176058419246193 -0.82187872017231511368 -0.026588581795638055461 0.99881045095705001113 0.040874568830396931784 0.36057710704558759707 0.10027830151343541942 -0.038017804228580920345 0.99423282424551739922 -0.44102099632846569754
1520430776.7279918194 1520430776.6276359558 0.99286568834307276088 -0.023022890409789942279 -0.11699432220503128144 -0.86624338264467759529 0.022354208230386585221 0.9997254342239909608 -0.0070246380721873807884 -0.31809785772164822504 0.1171239270406707611 0.0043592066745590657417 0.9931077398911658527 -0.38527412959762064038
1520430776.827994585 1520430776.7279918194 0.99546192472617200941 -0.037981676379428896961 -0.087252213037112308358 -0.53812028267668599035 0.033882541180702829831 0.99827293879440803792 -0.047990760297318094119 -0.8206846318500587989 0.088924292651689357259 0.044816647913303225836 0.99502961676837131666 -0.19210230716234924508
1520430776.9279975891 1520430776.827994585 0.99784488947157712335 -0.056845077858345402499 -0.032775199141043098727 -0.073066202507120953102 0.052808927579783268569 0.99218354292324995036 -0.11306208170797396595 -0.98715839543937922151 0.038946036041291431928 0.11108759730746739502 0.9930472053236565344 0.14205503287366735843
1520430777.0280005932 1520430776.9279975891 0.99751809338189267873 -0.069463066472648660188 0.011512418163421370143 0.19472828074045139823 0.070381854943591865004 0.98836433460352746128 -0.13484189474501306893 -0.93416255070271547734 -0.0020119320197968665331 0.13531749509927504249 0.99080024608878902725 0.29903382006800438564
1520430777.1279613972 1520430777.0280005932 0.99972248532955765299 -0.01240575118326570081 0.020026224408788442788 0.66201636299446564582 0.015164046980397694053 0.98945311292815096849 -0.14405758916477687248 -0.74699188555431772496 -0.018027867474234120226 0.14432128967816998388 0.98936664656736905687 -0.06113475315714132774
1520430777.2279644012 1520430777.1279613972 0.99819192130607503621 0.032278748719781091836 0.050704739624334776993 0.6751075401112008878 -0.02676815380900926522 0.99402386261083841568 -0.10583017765215282924 -0.71794951721011923684 -0.053817786845461623724 0.10428155609365573342 0.99309063175409229007 0.16964168126601242292
1520430777.327968359 1520430777.2279644012 0.99584971980162351191 0.042661246096196370203 0.080394985245021449716 0.85752490868161224125 -0.040577403711708648348 0.99880122253900016638 -0.027378680804868757437 -0.50825087189768902718 -0.081466618188338307815 0.024002831835382036629 0.99638700020867265739 0.079574381592513995787
1520430777.4279713631 1520430777.327968359 0.99303839547614103367 0.042414314833426891571 0.10988981302824256392 0.97019868122018704248 -0.047787882188923741511 0.99776355963054252918 0.046735397604882863987 0.096405618711951121536 -0.10766180114631514197 -0.051661445688248937291 0.99284441460046080064 -0.22230716506531156273
1520430777.5276198387 1520430777.4279713631 0.99148304161695333114 0.074451169672802713917 0.10685692078824982065 0.9091201460618258956 -0.082535417027828211767 0.99388616503528404156 0.073336184026026859928 0.17955950009185994709 -0.10074365052963521472 -0.081531063318273255813 0.99156613626734702027 -0.37584431078743985033
1520430777.6276228428 1520430777.5276198387 0.99291463760552600704 0.047104833072675378336 0.10909471632431422261 0.87951740161627345316 -0.054169586075168640882 0.99655967913722875995 0.062725288858230365818 0.47395999315431314169 -0.10576473123462330761 -0.068190473081647703935 0.99205034197250718808 0.042556611041321440458
1520430777.7276258469 1520430777.6276228428 0.99644574629685933598 0.025859445675739722859 0.080169593713815365255 0.89107179610874254205 -0.031553529029895388547 0.99700606964533344811 0.070592293461280736233 0.45307519665349471616 -0.078104093955786449421 -0.072871024143396675998 0.99427841390006965749 0.02671928810683744937
1520430777.8276879787 1520430777.7276258469 0.99541007781615586936 0.047885461519954986009 0.082859879055279181403 0.76172599760919401657 -0.052472374643063146582 0.99715618515997395122 0.05409429079418336811 0.62922680070848535649 -0.080033910821304676819 -0.058193856825515630216 0.99509197974178187351 -0.15442518524011117353
1520430777.9278123379 1520430777.8276879787 0.99413649983427510026 0.033684033707569616123 0.10275215603793307062 0.99705388363780400596 -0.037544189942410918781 0.9986510717188618047 0.035867405207754672614 0.037234906612519720615 -0.10140539186268436589 -0.039514843134655905366 0.99406012075387994997 0.067060531255945909912
1520430778.0278153419 1520430777.9278123379 0.99276678032566723076 0.041101682125209704211 0.11280412939376860404 0.9976729422624683874 -0.037987805563044790835 0.99883920098823253397 -0.029617177409289135309 -0.027952596221545132626 -0.11389050228316771607 0.025117768524835010907 0.99317574033703659442 0.062188042595213918751
1520430778.127818346 1520430778.0278153419 0.99338974857339235047 0.050988929409254424296 0.1028442341941946947 0.87320671350658274346 -0.043210464870667542048 0.99613330759646134815 -0.076493720151357316728 -0.37817979007195695607 -0.10634690007213709606 0.071544130259801344551 0.99175187132186215511 0.30739239071285318072
1520430778.2278213501 1520430778.127818346 0.99782412708561918357 0.030068789013434849 0.058676054171084179867 0.7016070594481531586 -0.022268313407728945741 0.99135090144441795346 -0.12933488478873156335 -0.63237950787578611767 -0.062057502558495042377 0.12774685175222455502 0.98986342908685998054 0.32839563357525641818
1520430778.3278253078 1520430778.2278213501 0.99954988838782277139 0.0046705727643990835318 0.029634546967064745449 0.48779868415838656404 -0.00089730278006905361821 0.99201934561799365309 -0.126082563296310457 -0.78155913147801181484 -0.029986921676150662952 0.1259992209090977644 0.99157701710895274072 0.38886728807741405278
1520430778.4279849529 1520430778.3278253078 0.99890910643298258531 -0.038626181874038045816 -0.026241477837458337952 0.23916290434144751864 0.036375421191833040568 0.99601595426670586075 -0.081418963265938948393 -0.82133203718539715688 0.02928183427275037054 0.080375599033644828939 0.99633445050425017975 0.51789457409771089136
1520430778.527987957 1520430778.4279849529 0.9943274395700225643 -0.071379107983511574931 -0.078854079549514163872 -0.21641487904632988881 0.065237357611323681938 0.99482476628346727665 -0.077895902080513612642 -0.92355642606514709581 0.084006131264421413096 0.07230980108203072243 0.99383814707298379076 0.31655667423249067571
1520430778.6279909611 1520430778.527987957 0.99451945303353928018 -0.063156587024437216282 -0.083320483995800373456 -0.81389770167068409279 0.0602066856992372057 0.99748291376782804996 -0.037456531317751173837 -0.5649126682627647611 0.085476385832478990467 0.032234798846421219842 0.99581861059549736659 0.13580945641383407319
1520430778.7279939651 1520430778.6279909611 0.99602454794982719921 -0.038254252215200068576 -0.080446951892527596151 -0.88901917544070396815 0.040861875953909554404 0.99868313130500341313 0.031021127322528388448 0.28321107527390815273 0.079154323791376601793 -0.034185017687417981747 0.99627605491191095766 -0.3597726956578663482
1520430778.8276422024 1520430778.7279939651 0.99493207990712628774 -0.028479718882680693515 -0.096431644101108063283 -0.46797549622045309103 0.036937389220681293711 0.99551546012516478612 0.08708959713617350773 0.79748283299608413444 0.09351890530389642131 -0.090210167188319645426 0.99152223378329529258 -0.38081500234859433363
1520430778.9276463985 1520430778.8276422024 0.99561527620422451967 -0.0070797016716588889729 -0.093274324511228051682 -0.56367745049481521313 0.019580366468378795908 0.99081529152739422628 0.13379711254152218403 0.8204952495281829794 0.091470383391289794561 -0.13503679461437564924 0.98660946329463372617 -0.095159220810964728621
1520430779.0276482105 1520430778.9276463985 0.99580331549858125406 0.017902301960514954704 -0.089751124931933878859 -0.61867774574946710064 -0.0044486723057481358801 0.98899062416781102769 0.14791130660933043961 0.65143071204615021763 0.091410973940490997114 -0.14689129617740406819 0.98491978401825841516 -0.43917635901469398441
