1520430766.8784856796
1520430766.9782240391 1520430766.8784856796 0.99682824235751832376 0.015224714545346088035 0.078113144255204158828 0.26496440065415238774 -0.013123668730135464033 0.99954002198923930234 -0.027340697884526782291 0.17935726632255963309 -0.078493468247257947024 0.026228848788386160962 0.99656952739573223532 0.94743065044534258146
1520430767.0782270432 1520430766.9782240391 0.99808220954748905207 0.014993671718678311389 0.060059077525340121007 0.35034660741078726964 -0.012829645157246313825 0.99926015577484139651 -0.036256603343101961867 0.22206272033759447138 -0.060558262771825410731 0.03541653412224846087 0.99753614767627640791 0.90991505258019489411
1520430767.1783270836 1520430767.0782270432 0.99840331714031760324 0.02619719550034595168 0.050045212269781647052 0.3488793197421656278 -0.026688266449014078074 0.9996017487303526794 0.0091695348392127895565 0.28543778302228939303 -0.049785065603625333619 -0.010490513959657055132 0.99870485948537623955 0.89264130101601535383
1520430767.2782330513 1520430767.1783270836 0.99948505100225182307 0.010505299485069216625 0.030319490525987591312 0.38000599107816529498 -0.011106866933376327577 0.99974342820993045144 0.019741207105464883553 0.12374106622006370015 -0.030104324107189883719 -0.020067795937411564422 0.99934529229704383013 0.91666983984170835598
1520430767.3777787685 1520430767.2782330513 0.99912879373567176078 0.013696574371781365664 0.03942153445490045871 0.23314798432624497804 -0.012450279997667894338 0.99942025368595233115 -0.031688279383496942287 0.21807364763275086106 -0.039832700840895907124 0.031169863214090931525 0.99872007868618251081 0.94767394266844529049
1520430767.4777827263 1520430767.3777787685 0.99947775003331662536 0.015253913420314443861 0.028487634399944117281 0.4529856345329723033 -0.015865860541707688114 0.99964552013681828857 0.021380096811310839167 0.16815017804186960237 -0.028151405961521935861 -0.021820911891016092632 0.99936547176027357153 0.87551672315910000766
1520430767.5777857304 1520430767.4777827263 0.99904272662911652869 0.0093549747800230481642 0.042733064672743681367 0.49571253644531632077 -0.0086602714779303036075 0.9998277899165586291 -0.016413110872035174825 0.18414138798662016416 -0.042879249846380140809 0.016027319096914155461 0.99895169801906702478 0.84874084998974330674
1520430767.6777887344 1520430767.5777857304 0.99843092081060202947 0.0085617069203691026358 0.055338897205339521168 0.47186686671630628798 -0.0075238948817384077028 0.99979240743834540961 -0.0189349685620402719 0.23816105035274814927 -0.055489524913284515861 0.018488894051473248048 0.99828807136099306785 0.8488939711119467546
1520430767.7777733803 1520430767.6777887344 0.9981004860031991166 0.035715148825166298518 0.050198087459326690141 0.44971587541090218831 -0.036293298085798370023 0.99928439746871156046 0.010653144589741730952 0.17027598092970544497 -0.049781686936396507548 -0.012454762943981845247 0.99868246331142518368 0.87679058031084755598
1520430767.8777763844 1520430767.7777733803 0.99856633226422142346 0.041707570210122391074 0.033552327125671022046 0.55212281606608781814 -0.040946297082320524952 0.99889508677046723317 -0.023065263516100886765 0.085916726145488397925 -0.034477250813060855705 0.021658352037688941016 0.99917077367354223405 0.82932425030725687165
1520430767.9777793884 1520430767.8777763844 0.99882755758812824531 0.002280228305979282305 0.048356082982462023079 0.5569264934933911837 -0.0015116289539040708538 0.99987204344097613262 -0.015925191461088148565 0.0035613081234651352593 -0.048386208576823352967 0.015833423636068315321 0.99870319790993011821 0.83055415111213881652
1520430768.0777823925 1520430767.9777793884 0.99840431242476757046 -0.0056284994517745018383 0.056188512398421874838 0.56983591668911814931 0.0043401499155230616189 0.99972547290370838979 0.023024811099489922439 0.16990624760617173417 -0.056302682265918835292 -0.022744204127156927853 0.99815465191937324807 0.80400180041804780728
1520430768.1781365871 1520430768.0777823925 0.99930625911471726575 0.0087674810508527878383 0.036195742431565147701 0.47829337260312387858 -0.0082170828269647888664 0.99984876958031909666 -0.015327019231962391022 0.30404656455439343921 -0.036324647884928951136 0.01501896283852788283 0.99922717672774052922 0.82388781779232567182
1520430768.2781395912 1520430768.1781365871 0.99989864349876766969 0.0013361628290373683825 0.014174533439189063166 0.50237935856470028462 -0.0011014296240834386964 0.99986234816967078931 -0.016555106928531987398 0.26838458283271038329 -0.014194702607225884172 0.016537816709778607738 0.9997624773096689399 0.82193959375724956473
1520430768.3781425953 1520430768.2781395912 0.99995239379186884321 -0.0097480270254406975461 -0.00043141513965827549271 0.53920821369759819319 0.009757347546540839911 0.99924967097265315896 0.037481852007342636446 0.2360934737150814644 6.5717330025416575978e-05 -0.037484277105949315168 0.99929721537242199858 0.80840235894645395831
1520430768.4781455994 1520430768.3781425953 0.99992128444504713158 -0.0028697792583067746608 -0.012214306397633489798 0.51803319019639704202 0.002821302236848607925 0.99998808291478968879 -0.0039842542704543043586 0.08924736337287263177 0.012225594768968617299 0.0039494803977072195922 0.99991746481253762635 0.85069179024246688314
1520430768.5783243179 1520430768.4781455994 0.99999341632364702193 0.0032800055914689874026 0.0015520543422339327932 0.58844636888922752238 -0.0032719399598288151365 0.99998127711263828932 -0.005171057249425931035 0.096300305677084030442 -0.0015689863799871472949 0.0051659449762373743642 0.99998542554091329748 0.80278086802538040079
1520430768.6783282757 1520430768.5783243179 0.99996771032931119905 -0.0019878548199460249757 0.0077863169707839130496 0.59509438616345888828 0.0019457265117100303042 0.99998344907376102153 0.0054143999562470124243 0.15357680551557911786 -0.0077969511410758696179 -0.0053990750836968720572 0.99995502775932099127 0.78884525501797009284
1520430768.7783303261 1520430768.6783282757 0.99984831329401946398 -0.0057953597793343886169 0.016424500239957728898 0.62097188041900464039 0.0061189080178252336362 0.99978686060137755831 -0.019717817666057513293 0.14464891072212557321 -0.016306727684415822655 0.019815326741453448411 0.99967066749922972591 0.77037044099302509625
1520430768.8783333302 1520430768.7783303261 0.99957652531647223082 0.0026398840382027000118 0.028979321049895034879 0.6333321889290897122 -0.0020832388949819091728 0.99981307434233024356 -0.01922177124627023892 0.15454783524539611461 -0.029024647318347973624 0.019153260464012750175 0.9993951783261930677 0.75829104246802836453
1520430768.977946043 1520430768.8783333302 0.99939229756624403667 0.011602635056923563117 0.032869658121131684059 0.7252603515791508082 -0.012022592884736574281 0.99984823941170974937 0.012607751807197933869 0.16432687082115532418 -0.032718386659370712888 -0.01299526856359105309 0.99938012296091249809 0.66857617513146183619
1520430769.0779500008 1520430768.977946043 0.99963327021179548826 0.01111679325693661069 0.024692954326166027812 0.75278200252874527543 -0.010805458425502352526 0.99986088892160318586 -0.012706095903773181877 0.021380557293849095785 -0.024830770303925553399 0.012434617508539264757 0.99961433219693796026 0.6579225854449879396
1520430769.1779530048 1520430769.0779500008 0.99944656799714848283 -0.023531711304773526156 0.023512045461629660359 0.65194658840686792178 0.02340938069679975031 0.99971102726604355038 0.0054646919459791516022 -0.011357916057613617888 -0.023633844674813719866 -0.0049112651873986432061 0.99970861797833188156 0.75817982273829653828
1520430769.2779560089 1520430769.1779530048 0.99998384216824642845 -0.0029194461917223437503 0.0048777286072286818452 0.67184546230780073373 0.0031115272535178987307 0.99920094219689259418 -0.039847151855468943005 -0.01294735225931206539 -0.0047574994043883545025 0.039861685197390195334 0.99919388121257091129 0.74057818010382314711
1520430769.377655983
1520430769.477658987 1520430769.377655983 0.99940768066869123398 0.017531051969994687623 -0.029613342216858962175 0.72004644378157789397 -0.017730975182371266907 0.99982165202649797564 -0.0065020502986530420708 0.18171041897089218464 0.029494072955588923612 0.0070232724444822813847 0.99954028098154268367 0.66971220866498060165
1520430769.5776619911 1520430769.477658987 0.9994165146563845914 -0.028086985680310566638 -0.019435829477503496765 0.78604819644054546579 0.029040002746283488655 0.99829541372084340534 0.050625538855662177706 0.35678782837159284114 0.017980780644355209841 -0.051160416137130237946 0.99852856911962972752 0.50480756571038920555
1520430769.6776649952 1520430769.5776619911 0.99988674553765233277 -0.013778494560162668492 -0.0060538570991960638512 0.83296243419856086376 0.014119344084652540872 0.9980728862789998157 0.060424811107075773742 0.51950082808902264819 0.0052096276969773869236 -0.060503444219004109961 0.99815439337654399132 0.19050583410706251053
1520430769.7774989605
1520430769.8775031567 1520430769.7774989605 0.99890265415135237603 -0.02055083647853361839 0.042085040684502916797 0.90586123605740587195 0.01863251409560134908 0.99879157007498498011 0.045477785408082421759 0.35438817117275839275 -0.042968790393271005801 -0.044643730435290962522 0.99807846404226185921 0.23200095935443254547
1520430769.9775059223 1520430769.8775031567 0.99668387711604600199 0.014490844696267352054 0.080070372279110596514 0.98108547308368387885 -0.016082077625097640494 0.99968508523854870962 0.019263881510631207516 0.19314483292431822159 -0.079766007021707108215 -0.020487698054783159279 0.99660304953990008769 -0.012898372719130593578
1520430770.0775089264 1520430769.9775059223 0.99145660802688961866 0.063823461089342392594 0.11375570409606704236 0.9965838628480275796 -0.069253026007383700069 0.99660918674242804371 0.044431377307231401108 -0.081597587937247195722 -0.11053421546577965606 -0.051929709369243765016 0.99251473162678571782 -0.0127451148965920108
1520430770.1776008606
1520430770.2776048183
1520430770.3776068687 1520430770.2776048183 0.99839416684462500839 0.048542911029365809483 0.029200571902314509387 0.61274526684356189765 -0.046636369027898916251 0.99693806460406042547 -0.062765790263513532299 -0.54620186610502086122 -0.032157995810075057364 0.0613031902294229325 0.99760101351851804274 0.57114512991375909756
1520430770.4776108265 1520430770.3776068687 0.99909572323653683679 0.042470059849255975548 -0.0020074428662566479176 0.38390318869107065147 -0.042452464332753792053 0.993845533341850218 -0.10231736963257059836 -0.55109029015482868807 -0.0023503366858459440181 0.10231006730939323779 0.99474978062053998062 0.74088989317569631243
1520430770.5777673721 1520430770.4776108265 0.99805352786224821315 0.0029032555589191266776 -0.06229547839835433698 0.08010612344956136166 -0.010631786318791081047 0.99221361369936766916 -0.12409315013051119836 -0.6024803777672707028 0.061450147610821806432 0.1245139184862543158 0.99031316433833516122 0.79410352183534016479
1520430770.6777715683 1520430770.5777673721 0.99387251480183946839 -0.039221120984691854039 -0.10333986641258688377 -0.039508012283973208134 0.026665194050058616676 0.99239213279620497321 -0.12019493412982279468 -0.47928132756995162067 0.10726785048531492506 0.1167028638590498768 0.98735710349364291805 0.8767716498656614732
1520430770.7777745724
1520430770.8777775764
1520430770.9775907993
1520430771.0775938034
1520430771.1775968075
1520430771.2775998116 1520430771.1775968075 0.99942982083065967647 -0.02831074702170963131 -0.018399316222845220337 0.1691284286194316977 0.029870831626733568287 0.99540935751332981773 0.090928237598819600107 0.96980539197642168237 0.015740605208276872706 -0.091425995088775496855 0.99568746139022168418 0.17570735990897240475
1520430771.3776037693 1520430771.2775998116 0.99999957775907732938 -0.00056190282296414428842 0.00072714983607222172246 0.34845060031645136434 0.00052074369997490155271 0.9984632108228541636 0.055416111910848941946 0.77003984581221773809 -0.00075717082979437355661 -0.055415709853202821389 0.99846308183818199833 -0.53443504282616127732
1520430771.4774398804 1520430771.3776037693 0.99877913759266112592 0.003477208480702653759 0.049276194362413094918 0.45654852548119118083 -0.0080618126942347267949 0.99561960742924027201 0.093148292944793487091 0.56074394084078060807 -0.048736449252522129338 -0.093431827144864088019 0.99443212548199044765 -0.69074573953901619028
1520430771.5774428844
1520430771.6774458885
1520430771.7774498463
1520430771.8776824474
1520430771.9776854515
1520430772.0776894093
1520430772.1776924133 1520430772.0776894093 0.99970251036454438331 -0.022118789991161180719 -0.010278613727329057037 0.21393872704303670829 0.020445006920410235818 0.98974606289675293169 -0.14136736777772002105 -0.9663827886074236595 0.013300092588139255517 0.1411151661222268261 0.98990384251574803365 0.14259918286773320961
1520430772.2777915001 1520430772.1776924133 0.99826788569229074621 -0.055841592590073485525 -0.018518772433616131901 -0.31125227155648854671 0.052708488206082454441 0.98872926080618550593 -0.14012945477908300695 -0.77700236426870361583 0.02613510410297001374 0.13891063804712033836 0.98995999463153516729 0.54716482833947832631
1520430772.3777945042
1520430772.4777975082
1520430772.5778005123
1520430772.6777682304 1520430772.5778005123 0.99875533981160136143 -0.043401189422755642733 -0.024578607659971052346 -0.91173734687187968362 0.044226111179806376628 0.99844017661174344624 0.034077335832218919043 0.25009573965106729476 0.023061272465415283417 -0.035121937363996699744 0.99911692370216376169 -0.32586366984892850551
1520430772.7777712345 1520430772.6777682304 0.99985866097763831384 0.00036336025025662799237 -0.016808510860068986981 -0.79811389101683349878 0.00061368730813915473021 0.99831136634446626665 0.058086480486706310034 0.54840015266904240665 0.01680123376101749777 -0.05808858577012557256 0.998170043002360452 -0.24954256053535536775
1520430772.8777742386 1520430772.7777712345 0.99928662179430094437 0.0043661153979654976354 -0.037512458454041788802 -0.75345361040115954587 -0.00098269874929707290434 0.99596442968234599746 0.089743462774107260471 0.61189583441958261822 0.037752904604847342673 -0.089642578297654457176 0.9952582209406998226 -0.24060578711540003827
1520430772.9777772427 1520430772.8777742386 0.99846033710128923033 0.031187838380235421987 -0.045872366112376633529 -0.69395583538374461252 -0.026064954408799190233 0.99377441794888587978 0.10831908595450923105 0.56452864209459374667 0.048965022079509590291 -0.10695664994530001968 0.99305724993337207707 -0.44691465716810357955
1520430773.0776872635 1520430772.9777772427 0.99643465528122632247 0.03705524129766579744 -0.075795031809182566995 -0.61292744650337305234 -0.032079101995239778233 0.9973138563032999393 0.065848335139317482056 0.65729581704088058114 0.078031461409884039782 -0.06318212656924931947 0.99494678747781506445 -0.43849989079065399
1520430773.1776902676 1520430773.0776872635 0.99362368225811292799 0.012658136621040538827 -0.11203459123463366254 -0.73418389401978823017 -0.0053345919713991829525 0.99784299993767322512 0.065428507577997396805 0.55638694296773638648 0.11262113560219141895 -0.064413655793382845749 0.99154796190754357355 -0.3891112687355075539
1520430773.2776932716 1520430773.1776902676 0.99043702636453112564 -0.0093578351363475375385 -0.13764783953170461883 -0.91594094436647099933 0.02102960929870459697 0.9962786069893254659 0.08358643902064799569 -0.044086362053170076447 0.13635340970774723068 -0.085681784394173371444 0.98694801255390440797 -0.39888416753986888352
1520430773.3776962757 1520430773.2776932716 0.99152765919259411298 0.0038100933040400575269 -0.12983984074647300644 -0.94858775807869277763 0.0030173247805915723307 0.99862444309480113969 0.05234613075258740672 0.026232201808556548234 0.12986068229923697359 -0.052294405461894830078 0.99015226018535318353 -0.31542532683903812263
1520430773.4776973724 1520430773.3776962757 0.99074105830853775867 0.0004100726624880479676 -0.13576445492871141996 -0.87310846475256087551 0.0052452854102086748922 0.99913321603768767698 0.041295321661808909175 -0.11304462240462612166 0.13566371055902914922 -0.041625094001074572359 0.98988014890023812153 -0.47423888718959072985
1520430773.5777003765 1520430773.4776973724 0.98972157645263214576 -0.039229991982175083098 -0.13752166677725952137 -0.85520979656495732524 0.040808539833830315136 0.99912930845039704675 0.0086768699461456100241 -0.35950833816900457096 0.13706153428569151087 -0.014199743818468266165 0.99046075293004021134 -0.37332286113535162464
1520430773.6777043343 1520430773.5777003765 0.99265313141981326162 -0.074989346786767330233 -0.094954507796801923547 -0.81292172110653126982 0.07364602060414315865 0.99712951382845527171 -0.017578290628011132568 -0.56738477027105771455 0.096000126727067827681 0.010456123599243256905 0.99532640131148164553 -0.13127375144199243673
1520430773.7777073383 1520430773.6777043343 0.99605907511516178499 -0.079708168390971445572 -0.038896359373145450444 -0.63627491849843620386 0.077140669825541463567 0.99499205540051927077 -0.063561991384137539463 -0.693682975036561289 0.043767978472795510125 0.060311007134742550262 0.99721960794942154926 0.33757689232859816597
1520430773.8780682087 1520430773.7777073383 0.99749188767202301431 -0.070438477608185834367 -0.0069537688159348465256 -0.28738436130162703375 0.068903579133404890822 0.98881468419108742296 -0.13227931474983678495 -0.54265177491934002418 0.016193542265698995797 0.13146840380989238684 0.99118808910749522934 0.78926502523306152348
1520430773.9780712128 1520430773.8780682087 0.999047207518361291 -0.0018824825560262853363 0.043601988592154826418 -0.07073396823057240268 0.0080014345961020444387 0.99003529878032692224 -0.14059190664242743329 -0.82415992582294350655 -0.04290284599147754091 0.1408068301907792752 0.98910706315214258488 0.56192270145089917577
1520430774.0780742168 1520430773.9780712128 0.98993712227103902723 0.063004868477852332687 0.12670785491760930275 0.14168358727716928724 -0.046034687049075158349 0.99009187706088752634 -0.13266078006080980756 -0.37409563652635952069 -0.13381069291363500984 0.12549287440383763426 0.98302911296453254764 0.91650325467409621272
1520430774.1780793667 1520430774.0780742168 0.98946610419722402785 0.068698215819018873529 0.12742599337674775928 0.44861175525729901636 -0.059244500598406010794 0.9953036451420241848 -0.076555490435660913939 -0.19316439676652472079 -0.13208678129780038191 0.068199773535420102344 0.98888921174017474502 0.87260243459824782253
1520430774.2781863213 1520430774.1780793667 0.99202171831882623998 0.092540533766796329029 0.085610513337557536673 0.63136723800057859002 -0.089000858033753849075 0.99504652746590938062 -0.044286063804440667369 0.48370916043257072836 -0.089284699994003846601 0.036313327969105857473 0.99534395289205868096 0.60613600692677749304
1520430774.3781373501 1520430774.2781863213 0.99260373888783459684 0.10293323471589679863 0.064362774464853722556 0.36444295976130214321 -0.1034089294550718241 0.99463049699392169778 0.0040948453670557327655 0.85175026365402584094 -0.063595682674593020933 -0.010720244425675817812 0.99791816573535030432 0.37643434679332765658
1520430774.4781403542 1520430774.3781373501 0.99529607020996768707 0.072362006265998327081 0.064416400658175471117 -0.042285686020692173082 -0.077181451097298070518 0.9941336929714148507 0.075770865809568668792 0.99790392396871918645 -0.058555582407746109563 -0.080386196253933478451 0.99504236252569355781 0.04898652146857754297
1520430774.5781433582 1520430774.4781403542 0.99762106994789478964 0.066479396130909695906 -0.018239810472898639049 -0.28977195879335782003 -0.065129263695880124097 0.99564820771126305576 0.066654523415757296889 0.94542762706700067543 0.022591587072407728898 -0.06530801154084246718 0.99760938438956714425 -0.14899266383121073654
1520430774.6776804924
1520430774.7776844501
1520430774.8776874542 1520430774.7776844501 0.99251348897245428304 -0.0052779440752934725367 -0.12202097161579991691 -0.84950397539115307666 0.014871106855624871557 0.99685474302081089615 0.077842607213542774902 0.31304831790528914182 0.12122633537566979145 -0.079074424583751426465 0.98947026786464609138 -0.42466898456479729163
1520430774.9776904583 1520430774.8776874542 0.98853121018413625531 -0.018052671876607449125 -0.14993381049650647552 -0.90929827554483022567 0.022345886195605169783 0.99938567595854699288 0.026998741804216314782 0.014613337223997158176 0.14935430312521907892 -0.030039502775399403584 0.98832733464727529071 -0.41588832210868276196
1520430775.0778501034 1520430774.9776904583 0.99189315999790550471 -0.04890381447127389869 -0.11728757853894217211 -0.94744013882468380849 0.047903424282894402353 0.99878765568231009375 -0.011334937080012289987 -0.31313381082060964822 0.11769970726956938134 0.005624569920806551937 0.99303330413529600218 -0.065607925320243287715
1520430775.1778531075 1520430775.0778501034 0.99242657884278662195 -0.057190604091405361498 -0.1087139384350590543 -0.80333751563678945651 0.053467403253930345652 0.99788899045875967264 -0.036861897814395805373 -0.54292119796465720949 0.11059259647771774171 0.030770075151962825166 0.99338938995716019598 0.24471495412240901191
1520430775.2778561115
1520430775.3778600693 1520430775.2778561115 0.99780554310897262571 -0.065835503437729758769 0.0070558222844077089775 -0.31077073222434148381 0.066205811884934073763 0.99354054475054209838 -0.092162771276979194024 -0.8761301815764215295 -0.00094266307087725875746 0.092427660491309293622 0.995718955811547346 0.36853420048024460032
1520430775.4781799316 1520430775.3778600693 0.99895132577170575594 -0.0045905167848013725407 0.04555409854886292853 -0.029927963157431951291 0.0083269761614315485065 0.99658312015358441194 -0.082175094115874758316 -0.72330915616296687087 -0.045021219518778236857 0.082468247105139780295 0.99557625424296225525 0.68987548270109144699
1520430775.5781829357
1520430775.6781859398 1520430775.5781829357 0.99374067265284882211 0.047841496623266865917 0.1009488321691210666 0.3359602044179830771 -0.037806186531178676002 0.99436086928608391489 -0.099081551726815153547 -0.14044369324521893683 -0.10511977823146859135 0.09464487748140287815 0.98994554364929465695 0.93134650376488270496
1520430775.7781889439 1520430775.6781859398 0.99166999942556532943 0.076240160789108085693 0.10381738834199150112 0.49487562088104752878 -0.071015011148625337145 0.99605905091424506992 -0.053134125412716254333 0.29093630448264384825 -0.10745920356517324468 0.04531892512697854869 0.99317607431636867332 0.8188126688025659794
1520430775.8779079914 1520430775.7781889439 0.99489573549993026713 0.061344145704574776223 0.080120978974474760248 0.28786240294615195179 -0.05990178705287690919 0.99799812939079135532 -0.020285700390995142772 0.59086170161726470074 -0.081204996101989279644 0.015382766989633478438 0.99657870692074224106 0.75366948096099672938
1520430775.9779109955 1520430775.8779079914 0.9974614179956399207 0.05317662364066594316 0.047359965248149921146 0.36019617308061013805 -0.052662821658257641388 0.99853986042932862954 -0.012032221273191867628 0.6488948611953967438 -0.047930645991031334274 0.0095075670891907049231 0.99880541615618345652 0.67021949838264882615
1520430776.0779139996 1520430775.9779109955 0.99788117569052126044 0.039239352601476457094 0.051898289084709142704 0.24298611271766251685 -0.041532737443336797956 0.99817331885159821248 0.043875474393426372455 0.94876888993647656712 -0.050081842248123266403 -0.045937987986005290875 0.99768808268758613078 0.2019785694450410285
1520430776.1779170036
1520430776.2779200077 1520430776.1779170036 0.99970140641096527645 0.022472879551184772595 0.0095951917446035865644 -0.033286761959359895124 -0.023360308825546453881 0.99414866823782133132 0.10546431345503169685 0.97697872513070127543 -0.0071689602811607251731 -0.10565696912955634124 0.99437679522545319166 -0.21072390021127232473
1520430776.3776288033
1520430776.4776318073 1520430776.3776288033 0.99861442090087448875 0.034141990205872274622 -0.040044511154381734475 -0.36793638685453122772 -0.031653237115301269267 0.99762240276703861852 0.061217759493822021533 0.84259572121178982762 0.042039397580529269671 -0.059865399039036149009 0.9973208225285197237 -0.39326233715424213644
1520430776.5776348114 1520430776.4776318073 0.9962036510985040616 0.047452136055391613834 -0.072983424979860045401 -0.77665804824391637684 -0.043019468179242015271 0.99720089552697965818 0.061153081016128735259 0.55723061750322355756 0.075680981069126185279 -0.057781214455656870754 0.99545653865974681462 -0.29376234444687954195
1520430776.6776378155 1520430776.5776348114 0.99338475471226928004 0.002785213385071089523 -0.11479970248935439381 -0.91729113599587008832 -0.0014873082100757993237 0.99993402655219210118 0.011389927893016680779 -0.0037177345145755513224 0.11482385213679641156 -0.011143838186168136123 0.99332336016573563597 -0.39819988733484790178
1520430776.7779927254
1520430776.8779957294 1520430776.7779927254 0.99734551852185704401 -0.036766260550416957065 -0.062850288539569476587 -0.21230165453215579796 0.031119386284693156819 0.99558309893359620002 -0.088576954762742438065 -0.96601996263765332884 0.065829328430664996175 0.086385966469767122566 0.99408448550183725612 0.14742265520758895958
1520430776.9779987335 1520430776.8779957294 0.99775633658887419308 -0.065991105049069034849 -0.011290121839556088029 0.098085996331897851164 0.064015052951645765034 0.98973711681126153028 -0.12775958907937062792 -0.98684955649084937779 0.019605249101892686936 0.12675020181654306217 0.99174090393969249746 0.12847992130054156079
1520430777.0780017376 1520430776.9779987335 0.99852753360033474905 -0.053712966673705564435 0.0075948570191954750674 0.3791910984190957068 0.054247006122662810856 0.98911221294775364399 -0.13680019197473783366 -0.92221761871277097011 -0.00016422168078266199953 0.13701075654380825974 0.99056954608070446611 0.075688669003127317936
1520430777.1779632568 1520430777.0780017376 0.99919934092830264838 0.018453586410498101777 0.03549848217931944605 0.59485027638946608164 -0.013901367233513428623 0.99212747992868266511 -0.1244580875612352755 -0.78150408886443978318 -0.037515717739158280231 0.1238649616273762577 0.99158965414306565744 0.18816085609801266876
1520430777.2779662609 1520430777.1779632568 0.99680871303329565691 0.0408963541121065699 0.068555655063915657554 0.83781623102791258351 -0.035229669694085141707 0.99601593673417010422 -0.081921451066245806749 -0.54578679157108300757 -0.071632813669093409192 0.079244823123601093595 0.99427812910370205746 -0.013444001365929984793
1520430777.377969265 1520430777.2779662609 0.99454291651874504598 0.043055837461794435606 0.095029374736724500639 0.99580964476534472585 -0.043634122756163837287 0.99903951104578370135 0.0040148101701329083624 -0.061812313144344058213 -0.094765239057838415726 -0.00813942441857835354 0.99546637273011129299 0.067397250211447587431
1520430777.4779722691 1520430777.377969265 0.99222233911548729512 0.039342411206115535105 0.11809743621552271087 0.97192034570085406031 -0.048790898683606087616 0.99574217743800252922 0.078211024009863863715 0.21046279656533964375 -0.11451758801964273538 -0.083364805232869848561 0.98991718405260975544 -0.10524377831790582283
1520430777.5776209831
1520430777.6776239872
1520430777.7776279449 1520430777.6776239872 0.9964071353568442202 0.022948269584395886156 0.081524214397009020505 0.76681940895865552399 -0.028732099796939414293 0.99709812648913342947 0.070496755904922797642 0.62837060586020609954 -0.079669862879424929725 -0.072585832467096628173 0.99417503985658006727 -0.13091361936473880356
1520430777.8776299953
1520430777.977814436
1520430778.07781744 1520430777.977814436 0.99226022893911802747 0.057651162347643586381 0.10998173278165157551 0.80057243862641402909 -0.053552801414996381579 0.99776902092414476719 -0.039863245536199631847 -0.31022717229536150851 -0.112034528277201062 0.033664883247072785455 0.99313389837909871183 0.5126820379937063743
1520430778.1778204441 1520430778.07781744 0.99566205088520276512 0.042057551951617921926 0.082995438133116633539 0.83452352215408065472 -0.032675215835581195023 0.99324598445422362936 -0.1113316874733244477 -0.49227626039237132316 -0.087117223883507705073 0.10813684242383260481 0.99031157350272003281 0.24745620708652393827
1520430778.2778234482
1520430778.3779830933 1520430778.2778234482 0.999878652510788557 -0.011471029153522410704 0.01054019655264357147 0.3174071522573784776 0.012535445143943252377 0.99415851468435278981 -0.10719939503395020663 -0.81564640801740462273 -0.0092489387635826814105 0.10731851271220976818 0.9941816705014163702 0.48370821450970541422
1520430778.4779860973 1520430778.3779830933 0.9973070636219213414 -0.046910692241489915233 -0.056373821967692139268 -0.23834475706842020437 0.04258745909468797386 0.99622946635433684559 -0.075585439703767076658 -0.78884495305704538382 0.059707027875109036641 0.072981075086475333258 0.99554449097041530781 0.56649396891266556864
1520430778.5779900551 1520430778.4779860973 0.99204110300205194939 -0.084766559146723666207 -0.093107896576484688866 0.16708311987181093117 0.079304084284263415272 0.99498936075920518807 -0.060885418548476732958 -0.76218767675920251481 0.097802413928833098478 0.053017001295940224814 0.99379267727392728293 0.62542239842390690008
1520430778.6779918671 1520430778.5779900551 0.9951740547754139854 -0.048545933946436414796 -0.08527539503942305199 -0.68642255114955086359 0.050099016708297694489 0.99861340191259606591 0.01616669556259509033 -0.62273919009141409653 0.084372325004844705987 -0.020360889416234373428 0.99622625189033076065 0.37552627391120396716
1520430778.7776412964
1520430778.8776443005
1520430778.9776473045
1520430779.0776512623 1520430778.9776473045 0.99516031190769360659 0.010383697667780189544 -0.097714545624110055178 -0.40058408711404441815 0.00099563722609302685029 0.9932846429840587188 0.11569194750951972139 0.77042059673174290158 0.098259667770129205389 -0.11522932280793640736 0.98846711672919529423 -0.49596823817913326948
1520430779.1776778698 1520430779.0776512623 0.99434628685105530543 -0.0061749354249277521589 -0.10600628282331570063 -0.49203820537844844552 0.020536509329365404408 0.990642520758901024 0.13492830632975269523 0.19790908584318742114 0.10418115765378960225 -0.13634245940626360527 0.98516852373234486961 -0.84777968729421082639
1520430779.2776799202 1520430779.1776778698 0.99404510773162724213 -0.0024282028764862628734 -0.1089423132928981075 -0.78203595197596786903 0.012237339365694654969 0.99591506697996190489 0.089461873932679403243 0.36663201332683531541 0.10828005966042941743 -0.090262302170332542328 0.99001421479029549921 -0.50398485753140698229
1520430779.3776838779 1520430779.2776799202 0.99327837875741742391 -0.015606468836054453175 -0.11469307051215188453 -0.84833038653700387766 0.018506971013456136044 0.99953416878107548271 0.02426803376938022061 -0.097973607457889563821 0.11426090458657883753 -0.026227534569492970407 0.99310450714588061061 -0.52032367572470161754
1520430779.477686882 1520430779.3776838779 0.99012524329006401658 -0.023532183652614224734 -0.13819637814476498638 -0.61643100784735627151 0.016304743993446724204 0.99845078025684774747 -0.053199574507696023584 -0.53020397814797548541 0.13923418374486706828 0.050420985085888492261 0.98897500794502835042 -0.5821482234966908198
1520430779.5781202316
1520430779.6781232357
1520430779.7781262398 1520430779.6781232357 0.99963681717187302667 -0.02682006742252290854 0.0026301592990439354169 0.48331542365731716693 0.026938522612199145012 0.99180250053639595897 -0.12490843017676553361 -0.87477076194184488767 0.0007414539493815208715 0.12493391818558806372 0.99216478789203033095 -0.034384812150596633096
1520430779.8781292439 1520430779.7781262398 0.99870828068071015871 0.0046953086592856352333 0.050593716767736426898 0.62669489733755256999 -0.00017630229493992288781 0.99603553214693030249 -0.088956099387744611007 -0.77627208878517262036 -0.050810815947794810143 0.08883227328722116678 0.99474976160104888745 -0.068228658378864298628
1520430779.9778909683
1520430780.0778939724 1520430779.9778909683 0.99504727933473668955 0.037575688796313018447 0.092027058520960491883 0.9734525238431646077 -0.033535945080411674879 0.99842133048624515101 -0.045057598888969478679 -0.083710977578526218901 -0.093574848522993941957 0.041748226807354078816 0.9947365647659385246 -0.21303205405811456719
1520430780.1778969765 1520430780.0778939724 0.99311945821916014498 0.042928074249386827255 0.10895376151249203112 0.90506238229916413651 -0.045309501044191680119 0.99878313996598511171 0.019475328875628007685 0.27490516807805354116 -0.10798514167054767965 -0.024277968632622479173 0.99385602046647836261 -0.32448302376386151114
1520430780.2778999805
1520430780.3777074814
1520430780.4777104855
1520430780.5777134895
1520430780.6777164936 1520430780.5777134895 0.9901883039154903976 0.038712368834697252762 0.13427015784667528653 0.96732410007917624117 -0.046004404247598468247 0.99760572817638926146 0.051637253020274796744 0.10728845338503353868 -0.13194967820645975287 -0.057307622606968214307 0.9895984634246101086 -0.22972434171471678432
1520430780.7777194977 1520430780.6777164936 0.9900443138111446606 0.008794892835934459141 0.14048098287748589375 0.996269581651421543 -0.012306521975610440478 0.99963264341030744209 0.024148038127039105072 -0.086213671626471408138 -0.14021699685517399758 -0.025636460140306904787 0.98978884905033692743 -0.0037581246367128784414
1520430780.8779191971
1520430780.9779243469
1520430781.0779252052
1520430781.1779282093
1520430781.2779898643 1520430781.1779282093 0.99959734224885488096 -0.027735611132796378353 -0.0059907632331906157663 0.20557743346654339112 0.027262192462096324075 0.9972911776100631398 -0.0683160297682276485 -0.73556684410428163634 0.0078693221553997327877 0.06812520044905578942 0.99764574415600582036 0.64550703846184087631
1520430781.3780789375 1520430781.2779898643 0.99699100711377752759 -0.056578308501366358918 -0.052988930366440964437 -0.22594179750750376101 0.055613112819850596402 0.99826162474839241767 -0.01951692181637021406 -0.68395726785181842899 0.054001050144806495013 0.016511316174791623723 0.9984043584747785971 0.69365175692976799304
1520430781.4779958725
1520430781.5779988766 1520430781.4779958725 0.9973161257795619683 -0.040776716869851625802 -0.060809576724068059583 -0.74181182347161223056 0.042524522547546683704 0.99871052177570307506 0.027730104157882184968 0.64718486134208219607 0.059600421493036348508 -0.030241578262712107139 0.99776411876857573624 0.17568999347530103727
1520430781.6777451038
1520430781.7777481079 1520430781.6777451038 0.99369455363839453987 -0.012969642246200063784 -0.11136840866869371358 -0.47400673320038605452 0.02516356350392973118 0.99374561909930370085 0.10879540244295819729 0.86578453031771829274 0.10926083077285859979 -0.11091182489233115949 0.98780597181727836098 -0.1604205845371036443
1520430781.877751112
1520430781.9777550697
1520430782.0778377056
1520430782.1778407097 1520430782.0778377056 0.99216361117625118116 -0.024738569570735197134 -0.12247192263247580479 -0.79946607972599237346 0.031053247812937223582 0.99827021535800475327 0.049922669493446591993 -0.31603061990830710881 0.12102505714921008018 -0.053334607007809536894 0.99121559473070885993 -0.51086068027195519203
1520430782.2778437138 1520430782.1778407097 0.99542158486904841475 -0.02083640604204961555 -0.093282970364597400659 -0.54359359888983060927 0.017148008058243902063 0.99904576820262136483 -0.040168381297585910306 -0.82461417861767816184 0.094030921490889943226 0.038384856645358012006 0.99482902479968315923 -0.15658050858485977885
1520430782.3778467178 1520430782.2778437138 0.99577124352393986406 0.013242850929673088967 -0.090907961532757014522 -0.28463486003086935217 -0.021622479742398947877 0.99554075813767162195 -0.091820843257178541563 -0.95851906962708377513 0.089286611205579430317 0.093398210828282243745 0.99161720198547365079 0.014972962847650164719
1520430782.478228569
1520430782.5782315731 1520430782.478228569 0.99874145454871898764 -0.048053050805860877959 -0.014367020364661677034 0.099514502920608496894 0.046085280342709540602 0.992276366264822407 -0.11516839795713887384 -0.98805806518108052483 0.019790247639763135223 0.11436134513256390743 0.99324207967535693697 0.11763555389032537279
1520430782.6782336235 1520430782.5782315731 0.9997696253028293123 -0.010311924314743814435 0.018824466493567865166 0.58718952078197195199 0.011341824617100149108 0.99839704457900690926 -0.055450017044723076687 -0.8088626731747059484 -0.018222495333938385637 0.055650746561318811811 0.99828399519924804206 0.030816272138391387347
1520430782.7782375813 1520430782.6782336235 0.9978370951372689257 -0.0007672028135766728596 0.065730837267305108895 0.82446049448179825614 0.0048852878640685548639 0.99803219658900999001 -0.06251294693262282598 -0.56235382827065794054 -0.065553531792751779106 0.062698851437315544777 0.99587729590443929695 -0.063427634893354442602
1520430782.8778972626
1520430782.9779002666 1520430782.8778972626 0.99131465357487413836 0.051385853543162052226 0.12105681171816601305 0.89472888594249444516 -0.062641769600051078193 0.99387071892356271263 0.091087884857069617572 0.30407529942149258417 -0.11563419178210626592 -0.097879967930120090336 0.9884575082262757606 -0.32710614934884935101
1520430783.0779032707
1520430783.1779062748
1520430783.2778558731
1520430783.3778588772 1520430783.2778558731 0.99241786573060897236 0.044747069917533854877 0.11447479859121265089 0.94163510734897282184 -0.048481907069590379766 0.99837189260843128835 0.030051102082191347153 0.27383055420365698396 -0.11294372255950738126 -0.035373207138370180158 0.99297152615326633729 -0.19580641509513280196
1520430783.4778618813
1520430783.577865839
1520430783.6782505512
1520430783.7782535553
1520430783.8782565594
1520430783.9782595634
1520430784.0778632164
1520430784.1778671741
1520430784.2778701782
1520430784.3778731823
1520430784.4778399467 1520430784.3778731823 0.9909800036010691926 -0.020994219205901387681 -0.13235511030088484286 -0.78244302904357232453 0.036474294817936847579 0.99262088811531423715 0.1156434100789971442 0.49684796984005291653 0.12895060403254829384 -0.1194278662502998023 0.98443320061979910918 -0.37539978844817895043
1520430784.5778419971 1520430784.4778399467 0.99305824747835869104 -0.04400954413973884316 -0.10908014090485743108 -0.94299896159422846864 0.053205884413492110507 0.99513788383943801996 0.08288381030903145541 0.27132505686986146953 0.10490210188070257791 -0.088112156778606884333 0.99057144964350418714 -0.19270618035437686588
1520430784.6778450012 1520430784.5778419971 0.98912798216296515807 -0.022089930817134048602 -0.14538868545631478124 -0.99589286510014518594 0.029108552089395181572 0.99850218705386117879 0.046325744936430601761 0.078127241841519187715 0.14414758790031825808 -0.050054144734981632914 0.98828945936773471281 -0.045755167193016851868
1520430784.7778480053 1520430784.6778450012 0.98709708239336646507 -0.042042887442277354637 -0.15450483987894800264 -0.96230944378792371285 0.043971902558450487453 0.99899143658405020751 0.0090874318223940677569 -0.23962139134487714376 0.15396695007661057031 -0.015764049202300192687 0.98795023813796134515 -0.12861618563198815024
1520430784.8781456947 1520430784.7778480053 0.98487460196216192188 -0.057409946548338253169 -0.1634812418817220836 -0.84083593209830387316 0.051679939720525147617 0.99789823937758015404 -0.03909332011492154535 -0.53679996906334181972 0.16538198886322549863 0.030053317361678863473 0.98577157388271341443 0.069575344095242436238
1520430784.9781477451 1520430784.8781456947 0.99074410911197885454 -0.053591298288870325983 -0.12471600942791988276 -0.71880550563593326174 0.053170431746478841184 0.99856295377366710575 -0.0067031737783344591541 -0.66191554910567451664 0.12489601854264489877 9.9258662582535350793e-06 0.99216983649659118427 0.21257104910971372225
