1520430766.9282231331
1520430767.0282251835 1520430766.9282231331 0.99632836395008206321 0.028521901444539025927 0.080723554967190691567 0.12940856966547589768 -0.023824902826008818868 0.99799937343362943309 -0.058562997117758031074 0.57347243308956730168 -0.082232385310681138657 0.056424744253485703549 0.99501461448666406184 0.80893929969032130067
1520430767.1282291412 1520430767.0282251835 0.99783999187835170641 -0.020558333091287017691 0.062391550299050246853 -0.35204669336264804436 0.022710033499211579322 0.99916459075597874318 -0.033976093917673089173 0.82452821562623235252 -0.061640935965281279385 0.035319619476228303334 0.99747326755827359079 0.44296314443602158306
1520430767.2282321453 1520430767.1282291412 0.99926612891824007079 0.021761694605929304824 0.031521932755356529832 0.7638394586775875128 -0.023375182536958583057 0.99838614893613442103 0.051756144116796964916 -0.52512072658332786812 -0.030344759648394059592 -0.052454992711400361127 0.99816214579672768448 0.37522993467969384396
1520430767.3277778625 1520430767.2282321453 0.9995441478786228906 0.0069371572740365844423 0.029383197418804574141 0.44970518781686907861 -0.006055850286722425091 0.99953224109038496525 -0.029977086218265697193 0.2249175377734213277 -0.029577408928132431498 0.029785480855406942791 0.99911861258376644113 0.86439420709103331752
1520430767.4277808666 1520430767.3277778625 0.99941869048416864807 0.015654519337462369233 0.030285592865632898762 0.27932322399200232299 -0.01601443146527785355 0.99980356077867926778 0.01167809227218907786 -0.47007353334287421687 -0.030096828666053510037 -0.012156310237356582338 0.99947306368188826298 0.83726304695075348672
1520430767.5277838707 1520430767.4277808666 0.99877490845752525672 0.023428750808553847063 0.043586418426069681309 0.093179846208175376443 -0.023743327025134017966 0.99969554469870425262 0.006713593027479793085 0.060682748939005382027 -0.043415857211844564867 -0.0077402548479867244735 0.99902710263408223135 0.99379832976405546585
1520430767.6277868748 1520430767.5277838707 0.9980513986194160525 0.011816710801078614268 0.061268026405872325069 0.19984979687378157109 -0.011655112018268708185 0.999927593669064807 -0.0029942917418530057283 -0.35278772162197469253 -0.061298972892444181237 0.0022743713499323026106 0.99811685846763131824 0.91411207308638253721
1520430767.7277712822 1520430767.6277868748 0.99155281704249009778 0.022335960639845539588 0.12776586350585505958 -0.72143957780763634524 -0.020764870243502431268 0.99969167033864914096 -0.013615594709449743704 -0.10113647020276642086 -0.12803058688794688447 0.010847539712615900109 0.99171089522265054583 0.68505207828869807418
1520430767.8277742863 1520430767.7277712822 0.99808678802260142326 0.039454238954499509795 0.047603850718690776667 0.81789736999179707411 -0.040818059035654996602 0.998773478747825183 0.028025420719941601666 -0.26378247237290414207 -0.046439741938213985328 -0.029914898938308537302 0.99847305882042869385 0.51133423455635995669
1520430767.927778244 1520430767.8277742863 0.99875597064473409237 0.022825359657251211715 0.044334118441803793687 0.48331228873979259486 -0.020883131392253985459 0.9988225311153446917 -0.04378865332012690792 0.0016927022401860541273 -0.045281408157748559429 0.042808343729389186638 0.99805663155073420789 0.87544638117490081175
1520430768.0277812481 1520430767.927778244 0.99675487158771836071 0.0060192628447836571404 0.080271379961707911566 -0.57187422248358588117 -0.0063440181784671367815 0.99997268938067962463 0.0037912961006257850372 0.54150104576070234863 -0.080246366892855358621 -0.0042882359516178136793 0.99676583590777267929 0.61622762928877217181
1520430768.1281347275 1520430768.0277812481 0.99801498341085626009 0.0029353799091717536207 0.062908476632460685884 -0.35267561918175727165 -0.0035032519731801325946 0.99995409223341524818 0.0089185565681270673188 -0.37129300556161259905 -0.062879409293030263939 -0.0091212373302805849207 0.99797945014740863101 0.85893038813153421707
1520430768.2281386852 1520430768.1281347275 0.99985206012566574252 -0.0025513543782720859987 0.017010245539045287799 0.74451524442341665555 0.0023834338794237464043 0.9999483046170469791 0.0098847021419952718624 -0.56789732002115966836 -0.017034585565976034793 -0.009842697004887213108 0.99980645337498474934 0.35098388101724004029
1520430768.3281416893 1520430768.2281386852 0.99958935354057165679 -0.00082336167810528881894 0.028643434917777890747 -0.21315066228978951646 0.0013624767438123741581 0.99982220119257392277 -0.018807170429348984975 0.7684330001375953012 -0.028622857045803806741 0.018838473345338946352 0.99941274955673442548 0.60338836537089313161
1520430768.4281446934 1520430768.3281416893 0.99894623635705459552 0.029574135328328372829 0.035096828740757840537 -0.13611155453930987025 -0.030412419609173527157 0.99925887531563084565 0.023596288616126392945 0.33753312118452361013 -0.034372977781855301727 -0.02463880318768935096 0.9991053136561162118 0.93142097723012784449
1520430768.5283234119 1520430768.4281446934 0.99982112493212471627 -0.0087189079197679750233 0.016783884656039138594 0.18237796380106108263 0.0089353997281801447738 0.9998772879871083985 -0.012867307381229070584 -0.22961955756636279191 -0.016669636203536536412 0.013014976459141291976 0.999776341796809076 0.95604034282179084503
1520430768.6283254623 1520430768.5283234119 0.99999148963958117697 -0.0014448760993824305565 -0.0038643216052627327173 0.68831598952246619838 0.0015501606848046245446 0.99962382616457101658 0.027382533957885951681 -0.18898862593885096262 0.0038233035797264336431 -0.027388291242078449672 0.99961755879565084015 0.70036019149681316698
1520430768.7283322811 1520430768.6283254623 0.99914411618701137741 -0.010339655433024189102 0.040051549463187618993 0.089420186484615679645 0.010590457293499763725 0.99992558759311067629 -0.0060548733170940338688 -0.36759757872320769634 -0.039985963827203117871 0.0064738552731605780721 0.99917926914778965042 0.92567599642957731909
1520430768.8283324242 1520430768.7283322811 0.99842674107067730382 -0.0050993936297271669211 0.0558394027510673574 -0.321518430727881388 0.0066042686086747806606 0.99961903214193970069 -0.026798772653911895336 0.13812750018532729546 -0.055681472242850027499 0.027125389660255350144 0.9980800503389734013 0.93677462198483618661
1520430768.9283432961 1520430768.8283324242 0.99857603113236537151 0.021016299709415486863 0.049032899103131077911 0.11659496995065501967 -0.021689278562549339779 0.99967717224996377468 0.013233536101620424486 -0.50878576053402835289 -0.048738949961708924463 -0.014278180165580467431 0.99870949145774601252 0.85296111450640998974
1520430769.0279479027 1520430768.9283432961 0.99813222211880336943 0.046730014786698775842 0.039349369578376064416 -0.23779548436272046619 -0.047874103796675088196 0.99844233715470043222 0.028652566424746894747 -0.739611953636649333 -0.03794914167469232158 -0.030482865598468078527 0.99881462622003058804 0.62962486105178372409
1520430769.1279509068 1520430769.0279479027 0.99894023295169376286 0.010407192759587485797 0.044834153602809151407 -0.3003994987927081084 -0.010938070602213162408 0.99987275294045840912 0.011611913656674910378 -0.5924302295361975057 -0.044707601164863441934 -0.01209000687071176694 0.99892695535356812453 0.74752027681981836338
1520430769.2279539108 1520430769.1279509068 0.99895575460401764278 -0.0016637020769169280979 0.045657775229604347089 -0.43983157354821283969 0.0032343836191861714824 0.99940466859267107491 -0.034348903298031419062 -0.019911687115402459253 -0.045573447380264753281 0.034460709374196527022 0.99836642591951463288 0.89785951664295537977
1520430769.3279569149 1520430769.2279539108 0.99961922803928349168 0.006478560910347944124 0.026822139785595312811 0.9947537652296210009 -0.0040893453224553899528 0.99609517630539490263 -0.088191138987755296474 0.073802285414973606281 -0.027288755724305432948 0.088047873282974517539 0.99574238426480743414 -0.070839037465363102752
1520430769.427656889 1520430769.3279569149 0.9990681757021178111 0.023040786702259070939 -0.036495238694706388927 0.59254048746099208245 -0.024396355595018227175 0.99901206271019860061 -0.037144533826603993998 0.041157231211783336378 0.035603344406446302273 0.038000272468171988893 0.99864327022186505367 0.8044885661328384785
1520430769.5276608467 1520430769.427656889 0.99974232143744778956 -0.010296971956156780736 -0.020230251985506708667 0.88616805256062824991 0.011099337445918538991 0.99913970458924716844 0.039958170898749305333 0.11992237269320887849 0.01980139982740142246 -0.040172416928113387213 0.99899653727279236204 0.44757659361112134278
1520430769.6276638508 1520430769.5276608467 0.99939092868720891261 -0.028508424668416784686 0.020125639881577894741 0.41166529565521814416 0.027412942713555835117 0.99823109894465245073 0.052756077105252874304 0.21049987917557455575 -0.021594032265908003065 -0.052172241878965519568 0.99840460483103843359 0.88669131337809481419
1520430769.7276668549 1520430769.6276638508 0.99940333370726242013 -0.026332149656749848088 0.022351609992668719507 -0.42975903427871081641 0.024933174056680829089 0.99784370306962621999 0.060714751714510073466 0.58184341553463536645 -0.023902163213171678802 -0.060121228686296102062 0.99790486743726258823 -0.69048201443254086929
1520430769.8275010586 1520430769.7276668549 0.99444592347547700051 -0.028737985516365499583 0.10124936282005492227 -0.58996864182151032008 0.022667557332089693922 0.99790448002013287798 0.06060388271674177485 0.31960431401730549084 -0.10277882626106599195 -0.057972208377888634345 0.99301346210823782101 0.74147830995168739765
1520430769.9275040627 1520430769.8275010586 0.99169043023957592631 0.013725390359637795745 0.12791287750152485758 -0.22916856198557458701 -0.011656729470231913526 0.99978911400362646678 -0.016907045214972105107 0.84317774178687132647 -0.1281179582623074853 0.015275509134521303434 0.9916412897773966284 0.48634665204219879042
1520430770.0275080204 1520430769.9275040627 0.99340842335401935426 0.044828519407683647957 0.10549932823007164562 0.96807916587073172821 -0.047446825415380228241 0.99862168557396668866 0.022439426450158894699 0.24555430436595485078 -0.10434799071991707198 -0.027297123458792760253 0.99416616512713396059 0.05025745929093775044
1520430770.1275110245 1520430770.0275080204 0.98832487333405594221 0.063778583358802709569 0.13836992828633734587 0.96364319504454132304 -0.069195389343339616661 0.99699973990147361391 0.03469173864217448694 -0.10547321148350780051 -0.13574219256681221979 -0.04386126926044838642 0.98977282555949019915 0.24549377650706924459
1520430770.2276017666 1520430770.1275110245 0.99350457108883716284 0.04491781820410417625 0.10455169455043941684 0.90110557687138370664 -0.042744961501900324841 0.99882279270930696136 -0.022932444932501822032 -0.32022275909722547338 -0.10545869092581422466 0.018314430708166476447 0.99425502067429849529 0.29234589767508406544
1520430770.3276059628 1520430770.2276017666 0.99837581481022952268 0.045023512970538165368 0.034908676311250164126 0.70540328835279186848 -0.044057969092999776928 0.99863785766705603919 -0.02795218405691848873 -0.40017526823516574863 -0.036119631246901151567 0.026368779151553695117 0.99899952939160252541 0.58503500363139049334
1520430770.4276089668 1520430770.3276059628 0.9967523379523199889 0.043350071316425320411 0.067864188667108582553 -0.59394078905345149 -0.038786304382718156392 0.99698670597817518058 -0.067179838457078977498 -0.43132894583160263924 -0.070571944701242061981 0.064329459967023827627 0.99543021915221963081 -0.67910947540611010798
1520430770.5276119709 1520430770.4276089668 0.99598331532403849842 0.086191648868104098202 0.024253561831927172854 -0.5152570472327380191 -0.084428931961663622463 0.9942307578790092748 -0.066158563581324159042 -0.67556277713601753376 -0.029815952843242093939 0.063845123171067330592 0.99751431528741529853 0.52737568148832225656
1520430770.6277694702 1520430770.5276119709 0.98796420405857210412 -0.050443567560726543242 -0.14622646132167205213 0.83310477828792617316 0.036428574306195116161 0.99461880962110249538 -0.096986506906468414324 -0.39225298971774524848 0.15033193430848312833 0.090492375588481777093 0.98448536783815276952 0.38996669146392010097
1520430770.7278375626 1520430770.6277694702 0.99597974557746105084 -0.020950193666929406433 -0.087094407310539967426 -0.66596210471158079347 0.011158660551619292711 0.99371003702526983226 -0.11142641791752633251 -0.45520738260377130446 0.088880991748234661198 0.1100065984409827613 0.98994884595381726911 0.59099975796200265865
1520430770.8277754784 1520430770.7278375626 0.99118354702518329802 -0.090729965913433963109 -0.096556974848652166177 -0.010008205865622066266 0.083342168086118356696 0.99346512144715093395 -0.077981635573402069417 -0.18445041843119425184 0.10300125788203434718 0.06924684652274638863 0.99226791499139666008 0.98279086226720080433
1520430770.9277784824 1520430770.8277754784 0.99947815385028082602 -0.007467054898558200815 0.031427107203424342607 -0.38573836509146081086 0.0028363095171152208351 0.98944403041493789175 0.14488777044514961068 -0.6314540240351670386 -0.032177248551682191557 -0.14472302431674516354 0.98894887173617684883 0.67266018852490538915
1520430771.0275917053
1520430771.1275956631
1520430771.2275986671
1520430771.3276016712
1520430771.4274377823 1520430771.3276016712 0.99970442291811034696 0.0066913172348142258006 0.023372913203775713686 0.45000606356946998288 -0.0084683223989159839284 0.99701235565571999508 0.076776625255224051347 0.47985378705110753872 -0.022789346496033036082 -0.076951861208785110602 0.9967743258846440968 -0.75314997563793373292
1520430771.5274407864 1520430771.4274377823 0.99610855652890550882 -0.0033197828462868117505 0.088072258127940394878 0.3869921726886145219 -0.0059694473389133584362 0.99445430212596341857 0.10500003181728911894 0.3210791094872525453 -0.087932413297765243954 -0.10511717283592289518 0.99056462215577523178 -0.86437564966200830519
1520430771.6274437904 1520430771.5274407864 0.99150427303925880995 0.014052511950411544772 0.12931281240764497253 0.38706400376726740609 -0.023407928717593035062 0.99719347542466685308 0.071114284385254328269 0.25316172495125560671 -0.12795055849054859376 -0.073537061937218234364 0.98905053212846438804 -0.88661750377902959208
1520430771.7274467945
1520430771.8276815414
1520430771.9276845455
1520430772.0276875496 1520430771.9276845455 0.99342807695389712119 0.047947317349505635953 0.10393127863481538276 0.33280095909525231335 -0.033619497871416777202 0.99021109843088117586 -0.13546848307699399516 0.030651887295164277625 -0.10940925592725531112 0.13108407723020290558 0.98531547202616831527 -0.94249879757510846012
1520430772.1276905537 1520430772.0276875496 0.99981246805746182282 -0.0030540347431021186431 0.019123325773388592796 0.26872827713784352976 0.0053544467269890094752 0.99258616636304886072 -0.12142500667059269448 -0.9531519237766620245 -0.018610712428464896984 0.12150463043231582438 0.99241637741746857593 0.13887592760221106891
1520430772.227789402 1520430772.1276905537 0.99928891216229309702 -0.037205608965298064827 -0.0061165914545791427726 -0.23063501685574669398 0.035965948669766184542 0.98927133418390877928 -0.14159335400460282273 -0.97303477354757272888 0.011319035550109596625 0.14127267967838066931 0.98990601039225156743 -0.0032891438358853184419
1520430772.3277935982 1520430772.227789402 0.99793089319596950393 -0.063119476331096213695 -0.012241899884528700815 -0.43631198242646668239 0.061892256360047082087 0.99462581372980696237 -0.082999031711110449194 -0.8655432937401738025 0.017414965051841743704 0.082069619043881658627 0.99647443350155029407 0.24589969632453465009
1520430772.4277954102
1520430772.5277984142
1520430772.6277673244
1520430772.7277703285 1520430772.6277673244 0.9998912719519484904 -0.0086136506544175484024 -0.01196867982354032911 -0.85742464294946496572 0.0094158957407229071368 0.99759470380270653944 0.068674215337275440474 0.16549381577601324222 0.011348355903592510785 -0.068779444365262926153 0.99756734251432432892 -0.48727279690423686009
1520430772.8277733326 1520430772.7277703285 0.99941784541602973757 0.0015004050085316023022 -0.034083999894253952379 -0.72173323004822365068 0.0012159823138596648207 0.99683120588071782997 0.079536585100234119539 0.56267666179798903059 0.034095331806473450076 -0.079531728053681721713 0.99624907155881547993 -0.40310807348902094605
1520430772.9277763367 1520430772.8277733326 0.99524504970288307781 0.063014367675011784264 -0.074273013325326764367 -0.18721876076105123388 -0.053287592455139740077 0.99055267593099960433 0.12635596027204765157 0.43926115833240264585 0.081533573037373296977 -0.12179731389671449859 0.9892005311337560558 -0.8786346057375459262
1520430773.0276851654 1520430772.9277763367 0.99503163402936667392 0.049795136161080506831 -0.086211899964840132959 -0.50874511811875944289 -0.039785648488117775212 0.99266542583385697363 0.11415977631577337026 0.038724085824063378403 0.091264173996306485748 -0.11016259242041709365 0.9897146324956426211 -0.8600458417825297408
1520430773.1276881695 1520430773.0276851654 0.99647869598274940728 0.012079648860323533022 -0.082971624884238481812 -0.63453222098550221553 -0.0050768804478851792261 0.99644460607337825842 0.08409739777298633201 0.73829631727624434046 0.083692495108207781707 -0.083380028248263987622 0.99299714861216048511 0.2286644013123625141
1520430773.2276911736 1520430773.1276881695 0.98273605108495143412 -0.022831795426839159718 -0.18359891888445992181 0.065834504687657405264 0.053332888546679953212 0.98519087941990490798 0.16295562005374847336 -0.52493791065421013808 0.17715941097560400364 -0.16993422323187651335 0.96940028000684819176 -0.84859060090866111903
1520430773.3276941776 1520430773.2276911736 0.98628833122889969509 -0.035170209050258888217 -0.16124014412383155803 -0.33626769339119660929 0.031680948866945113362 0.99920596512981241233 -0.024161058087134368311 0.60412403753746901636 0.16196186329072337351 0.0187215289001984031 0.98661940949640558607 -0.72246673670888894581
1520430773.4276952744
1520430773.5276992321 1520430773.4276952744 0.98551577120216893313 -0.02552716042492289561 -0.16765150996168981523 -0.14539482734273284636 0.02395956358896031424 0.9996483061674767967 -0.011366762473141223122 0.70265284644985470663 0.16788270912878702767 0.0071852666710774948378 0.98578079100702942217 -0.69651943372593216885
1520430773.6277031898 1520430773.5276992321 0.98727800007549826322 -0.054254398321478602973 -0.14946106793977689819 0.1782115909319275382 0.050137057207591345653 0.99825544907549568219 -0.031182268769981619227 0.24411668405389611025 0.15089210072593919887 0.023292029835439875818 0.98827579920013108872 0.95323012616263957941
1520430773.7277052402 1520430773.6277031898 0.98850498051784729814 -0.11362941853476438148 -0.099730931685519941254 -0.32740701743343114671 0.10780229160698395763 0.99223666639619123586 -0.062008578303784533947 -0.67633922683050973212 0.10600268588905312206 0.05054456550832331363 0.99308039829707750457 -0.65982565514357915948
1520430773.827709198 1520430773.7277052402 0.99857352961155532167 -0.023132844656993618859 -0.04812252546569062428 -0.31303182488671194017 0.017849801528529204986 0.99405001673557347175 -0.10745207682217432221 -0.23701986141010883413 0.050321869445726613579 0.10643982208779652343 0.99304495050798458067 0.91969161239256036477
1520430773.9280693531 1520430773.827709198 0.9969416473417055391 -0.070633126160842427121 0.033441191431420373703 0.046513626214379523438 0.075211937539022472032 0.98340634537378190938 -0.16509126061124124174 0.068054449267721361938 -0.021225368011711778782 0.16710153011666012413 0.98571119623621950012 0.99659674618737181806
1520430774.0280723572 1520430773.9280693531 0.99560594037389360533 0.045374918795379359793 0.081914151625515796429 -0.51784400471141978084 -0.030528454590537892899 0.98424498573471252971 -0.17415459085648241078 0.14811824903315742863 -0.088525843416082161674 0.1708886327418770168 0.9813053807286920005 0.84255478818162965471
1520430774.1280763149 1520430774.0280723572 0.98946163884483195883 0.055574206386451163731 0.13370554528147171602 0.53025978167327481039 -0.043347290056727327823 0.99475178348090165237 -0.092681722611868244677 -0.42605329657445939473 -0.13815454281071415377 0.085909236092992169453 0.98667772117073837546 0.73300965370030912727
1520430774.2280783653 1520430774.1280763149 0.98940869747477144802 0.075550904124079956703 0.12394551321976149394 0.10213005227787436136 -0.071473765314727377707 0.99675509010258833698 -0.037024197848380180353 -0.9366530428808336195 -0.12634053281908885769 0.027773210844531270869 0.99159806299043073974 -0.33503810183887106078
1520430774.3281364441 1520430774.2280783653 0.98837709495704550999 0.12103549816247242965 0.091984381004784787628 -0.32995064782742672405 -0.12303196919457154435 0.99226831027233086679 0.016332023310031668073 -0.27941931636779665515 -0.08929643173373355558 -0.027459217284102277468 0.99562650560627752316 0.90169696441699009881
1520430774.4281394482
1520430774.5281424522 1520430774.4281394482 0.99840200704258352804 0.048418218590401573831 0.029139465366970984661 -0.56689649125981012023 -0.051228450155589300152 0.99315055826652920423 0.10501244930739223049 0.43563281213556381832 -0.023855360571516437407 -0.10633740980206995985 0.99404390096644612562 -0.69917982035251591277
1520430774.6281454563
1520430774.7276825905 1520430774.6281454563 0.99173659425006444046 0.014088829260913020985 -0.1275148325307296493 -0.070221568527028349616 0.0029429802950280900542 0.99119155275765558066 0.13240334062572206575 0.26417127484018254613 0.12825703291541648565 -0.13168451173894668571 0.98295947163441543815 -0.96191604044371614712
1520430774.8276855946 1520430774.7276825905 0.98859753825279128581 -0.014576506954661894166 -0.14987472370457166626 -0.33594517682305319317 0.031742432074212456605 0.9931116767582260918 0.11279013916330768441 0.18613145268250019804 0.14719825191399171782 -0.11626144215286954298 0.98225045263517185568 -0.92330705645068555931
1520430774.9276885986 1520430774.8276855946 0.98307749360888163626 -0.012310671539725565049 -0.18277606223442077749 -0.34869185161005827878 0.021226160224234486007 0.99867393401206405734 0.046902277631290067994 0.42101449164853049778 0.18195629058049897497 -0.04998820752045890492 0.98203517626767145021 -0.83735344415765000647
1520430775.0276916027 1520430774.9276885986 0.98090318609816884443 -0.050491631314540041942 -0.18782847140318648105 -0.50047043175702310425 0.049686879413597825894 0.99872435337361664676 -0.0089933304503839739397 0.37343399846080593818 0.18804295657269270992 -0.00051102411663522806506 0.98216067185453526101 0.78107387341436118611
1520430775.127851963 1520430775.0276916027 0.99239047890436404842 -0.054594644004204329057 -0.11036558442748764519 -0.88658996710965132237 0.051065815745520937163 0.99809735180200664928 -0.034553708745461514384 -0.30819040432665806284 0.112042044975139643 0.028654862970809685807 0.9932902289793815731 -0.34493028991591628829
1520430775.2278549671 1520430775.127851963 0.99340698947843564248 -0.072878073882815308515 -0.088494856361948134871 -0.57759431147497353187 0.069438275201456234331 0.99672892329689455337 -0.04134947884145567798 -0.77438394065014493073 0.091218853272981598179 0.034931931102418573021 0.99521800676887794967 0.25829116093065113136
1520430775.3278579712 1520430775.2278549671 0.9843185826269166272 -0.1615011557173825496 -0.070952833609991508568 0.96131939999242510542 0.15564162959687968812 0.98444032585892415899 -0.081565482645555617558 -0.27206039707120133198 0.083021750353537426825 0.069243205621378298154 0.9941392092878695852 -0.042990133096597826778
1520430775.4278619289 1520430775.3278579712 0.99930807697911394616 -0.014892650411350280559 0.034081904994153228161 -0.28072411601181523899 0.017402508691476303859 0.99706379797314181879 -0.074571680030806886119 -0.46796446114720302578 -0.032871263674344314287 0.075113192816570473198 0.99663307605625450769 0.83797567613421342081
1520430775.528181076 1520430775.4278619289 0.99815781577446094364 0.0074892767868114940022 0.0602070223609164068 0.22526718435079257086 -0.0014768988120957005084 0.995057234560930981 -0.099292087891487468276 -0.61625961619251479195 -0.060653059100561540484 0.099020253893648491061 0.99323521672390435722 0.75463817893406359705
1520430775.6281850338 1520430775.528181076 0.99549342727258050001 0.034880344418420888841 0.088182752453892399025 0.19024030820625698057 -0.02544267970289985914 0.99404395886835672513 -0.10596828717527051467 -0.77020485857637310811 -0.091353742707278293156 0.10324712785631046108 0.99045167690442859065 0.60876358379828976464
1520430775.7281880379 1520430775.6281850338 0.99006485583230963154 0.073146513030669088606 0.12008817126262819053 0.094240553502038804101 -0.06433717832145516291 0.99505530618246584851 -0.075668124885927168233 0.19676047120066780804 -0.12502923150760164583 0.067190217067465446421 0.98987532851316439864 0.9759118992247813873
1520430775.8281910419 1520430775.7281880379 0.99179439437426031301 0.065189524472274953948 0.10997365678594289706 0.29458218068811892199 -0.065954918580645588433 0.99781703852301328883 0.0033326188176079907244 0.090968508473795034464 -0.10951633669372873303 -0.010558576241222430991 0.99392891519713022497 0.95128653374631855222
1520430775.9279098511 1520430775.8281910419 0.99539766957187236773 0.084285740277269663445 0.045600366191486330081 -0.29004342950214639929 -0.085237413038254383757 0.99617293458571765097 0.019340832904120475177 -0.26408414819359499193 -0.043795694188253520007 -0.023138677248099870365 0.99877251603444561212 0.91985562545189480943
1520430776.0279128551 1520430775.9279098511 0.99706167824501634733 0.065929997312926258424 0.039003143841857601526 0.5288711988228740335 -0.067544041414531491574 0.99684771692646778618 0.041622490649656451733 -0.48620224511343518303 -0.036136024195020766125 -0.044134620342835384488 0.9983718360623812238 0.69563110331720445778
1520430776.1279158592 1520430776.0279128551 0.99981189644890289259 -0.016359609013679887735 -0.010418009030893002342 0.9801985230337543209 0.017480986518672775309 0.99278123018774711017 0.11865851885658071363 -0.13702819330287871469 0.0084015968471609914214 -0.11881831584323646056 0.99288046661750528621 0.14294799642735617207
1520430776.2279188633
1520430776.3276269436 1520430776.2279188633 0.99995304243050342485 0.0085039717609456944025 -0.0046470849215786286246 -0.44979988114376856512 -0.0079848492777775392781 0.99473619799776269446 0.10215742055752308204 0.83281632951650097496 0.0054913674062560258182 -0.10211551722066769532 0.99475739053638845277 -0.32264071071970046312
1520430776.4276299477 1520430776.3276269436 0.99883664029514929172 0.0059502292519086480427 -0.047853534621262544535 -0.19641436933225425721 -0.00085773182809931181048 0.99439321742575725871 0.10574210813938594855 0.2270819358186698389 0.048214420042241662445 -0.10557804653193900157 0.99324148412684121201 -0.95386329730452390496
1520430776.5276329517 1520430776.4276299477 0.99679819619343179582 0.046301244550555009649 -0.06518857889684623319 -0.35284991825123762643 -0.041969984164775459012 0.99691580937791735018 0.066312815063004848515 0.68871189624850381872 0.068057890760213846093 -0.06336453081528747866 0.99566714304521908296 -0.63338207991376405115
1520430776.6276359558 1520430776.5276329517 0.99291662819958825814 0.018937373074609395451 -0.11729426817109667169 -0.51189415686300043795 -0.01160320133697922973 0.99795250088554843249 0.062898105655197517061 -0.26296700003829104331 0.1182452331533648815 -0.061091585978037127314 0.99110336643520380306 -0.81780971445708516843
1520430776.7279918194 1520430776.6276359558 0.99409672224359302284 -0.0091642118630178293071 -0.10810977775148158941 -0.96546137796710962409 0.0073912984355839761452 0.99983174280952380464 -0.016788531142029439192 0.11255247588224111255 0.10824544116026840745 0.015890352148410148703 0.99399719374685291395 -0.23498142017322926067
1520430776.827994585 1520430776.7279918194 0.99561249174731392131 -0.036835769169217269514 -0.086016814556321458118 -0.55534256846396534701 0.033012461121359470972 0.99842071970009727 -0.045455955432160882745 -0.82199252008559497984 0.087555374977297539818 0.042416890306244799114 0.99525617995033477392 -0.12618608709037060223
1520430776.9279975891 1520430776.827994585 0.99902308325729050065 -0.025672532240477621834 -0.035969434349983508969 -0.054463274446385323557 0.019437834792577973059 0.98625978170897188324 -0.1640543006505683632 0.32843622561134599991 0.039686895792850673814 0.16319486533507227 0.98579530645595758731 0.94295461048915363289
1520430777.0280005932 1520430776.9279975891 0.99666254440479062904 -0.063390192530026090445 -0.051433997235051015506 -0.024277462265832341903 0.049779684642497663838 0.9713205125154192876 -0.23250472030407726143 -0.079234859478318819814 0.064697415539282210339 0.2291683779621218886 0.97123431722975450686 -0.9965603051844791338
1520430777.1279613972
1520430777.2279644012 1520430777.1279613972 0.99819283292074589831 0.032386007938437544329 0.050618324700321362664 0.67419850980637474613 -0.026522270007151016458 0.99329760360758578841 -0.11250084382392371019 -0.73854830851650687951 -0.053922513844622398105 0.110955023127565236 0.99236149932544126528 0.0016629378432685137934
1520430777.327968359
1520430777.4279713631 1520430777.327968359 0.99285048954164190071 0.042917739684964296976 0.11138210375664203688 0.96888838045290037737 -0.048860596621268390094 0.99749321774986354772 0.051185179894548321622 -0.056337407043807588569 -0.10890614084951971696 -0.056261426958060863079 0.99245861592406336982 -0.24100083566439295391
1520430777.5276198387
1520430777.6276228428
1520430777.7276258469
1520430777.8276879787
1520430777.9278123379
1520430778.0278153419
1520430778.127818346
1520430778.2278213501
1520430778.3278253078 1520430778.2278213501 0.9994410418098118587 0.0088837993410524895843 0.032228590651560556912 0.45700344452469887635 -0.0043838843871978894207 0.99054812502138456232 -0.13709556365652009191 -0.86814665638659638258 -0.033141899520057985229 0.13687764655299702876 0.99003339558335867743 0.19356971534135541946
1520430778.4279849529 1520430778.3278253078 0.99911292519521888167 -0.033586490198237672899 -0.025402960142799968501 0.24989144032370153026 0.031292725095581147565 0.99581599796184638862 -0.085856063031937157604 -0.75897313911125507957 0.028180277925268615302 0.084984974433221560641 0.99598364748455536777 0.60126037800652765153
1520430778.527987957 1520430778.4279849529 0.99475693187320290978 -0.10216448389185288359 -0.0045896319376545202662 -0.33273042929440360682 0.1011001174495080035 0.98917240347511947718 -0.10638008486061700797 0.53178645445368455391 0.015408203720991830998 0.10535831450041172053 0.99431494649518603612 0.77877700805888061542
1520430778.6279909611
1520430778.7279939651 1520430778.6279909611 0.99120777687048489124 -0.053029287736386515606 -0.12122309067847986119 0.034988748493059856903 0.058768222991139443256 0.99728977543045971288 0.044265108023437804707 -0.60157220074749984118 0.11854720172967035674 -0.050999984941511367076 0.99163781820684437918 -0.79805179955106897438
1520430778.8276422024 1520430778.7279939651 0.99325609719941376774 -0.03713643699676000276 -0.10983264734756392755 -0.36656709306051005193 0.048813838939260362215 0.99320782324292689047 0.10561926423270850961 -0.47607253310475972086 0.10516432144125992254 -0.11026833133875024728 0.98832249827653262386 -0.79936444098320080798
1520430778.9276463985
1520430779.0276482105
1520430779.1276524067
1520430779.2276787758
1520430779.3276817799
1520430779.4276897907 1520430779.3276817799 0.98747236335061916446 -0.03044970300615082448 -0.15482618385008409256 -0.24373845359638693364 0.02684843231250712281 0.99931933855387666821 -0.025298641754103110002 -0.100516450030236279 0.15549113576375839241 0.020824869245182106581 0.98761775577387089786 -0.96461806406046568529
1520430779.527687788 1520430779.4276897907 0.97526651528923169465 -0.05867465881356978552 -0.21310210831596687608 0.020843200584723747815 0.027166459781938649687 0.98863241708704874267 -0.14787808271524216508 0.090773023883049905325 0.21935634848008209175 0.13843131256233490167 0.96577407507333401515 -0.99565346337192650594
1520430779.6281211376 1520430779.527687788 0.97309671323971058676 -0.069253078034834436583 -0.21974257180795464528 0.7828744588370943891 0.057304696087402434701 0.99653415313231774597 -0.060298038501971823466 -0.19857102040163157608 0.22315680246948166321 0.046083541786151302477 0.97369263563407970619 -0.58964152801272573523
1520430779.7281241417 1520430779.6281211376 0.99494194155047155359 -0.012659022635429062476 -0.099650800747880380337 0.74890911853012720467 0.0014838683452852996503 0.99377148785566804534 -0.11142723212871014082 -0.58629128242015293715 0.10044068437895037338 0.11071575800692189107 0.98876371790759021163 -0.30886512321814507676
1520430779.8281271458 1520430779.7281241417 0.99912973527693504927 -0.029418297134734705534 0.029569171093107096682 0.58645812782267670027 0.032349263886966905801 0.99404068333349226982 -0.10409920750829369795 -0.80535074296736441912 -0.026330537621027737261 0.10496515455891000657 0.99412726505061299598 -0.086469908711841736437
1520430779.9281311035 1520430779.8281271458 0.99664603362809955911 0.036909528503366428875 0.073036774018546191112 0.73317068595715384483 -0.030440727848660809052 0.99567456591302316848 -0.087781096381604861723 -0.67689519807140696717 -0.075960817145557232855 0.085263388975409651338 0.99345865981378800313 -0.065373053171677214523
1520430780.0278930664
1520430780.1278960705
1520430780.2278990746
1520430780.3279020786 1520430780.2278990746 0.99216814024315924669 0.0040136687511344582013 0.12484499168804091829 0.36333065503794947926 -0.018342321139563716459 0.99333029868542310759 0.11383530633657262809 0.34750146094995065793 -0.12355541567104200151 -0.11523371111217561857 0.98562429509507931691 -0.86442672896396755
1520430780.4277083874
1520430780.5277113914
1520430780.6277153492 1520430780.5277113914 0.98283321325663008938 0.067752523304846559715 0.1716055666506001165 0.31647065683153252635 -0.083646142080692570397 0.99267814220021899363 0.087140282951906455899 -0.091006161487825268375 -0.16444512104244352058 -0.099998507907608030765 0.98130428541894587635 -0.94422677463407600484
1520430780.7277183533 1520430780.6277153492 0.98631291906878026943 0.026767343744396515648 0.16269706508382508758 0.89279703940160004549 -0.032585915748359069177 0.99891737250850842766 0.033200014993052751056 -0.058790260866615769164 -0.16163224855474200847 -0.038047236556252236883 0.98611734799544537022 -0.44660626021471327984
1520430780.8279173374 1520430780.7277183533 0.99071506926215069377 0.010304950498568554718 0.13556348893457442761 0.97441878225349520815 -0.01035260528678519365 0.99994634787750036331 -0.00035345470035877402104 -0.11947530105002553136 -0.13555985799885028609 -0.0010532623942920843474 0.99076859838090358679 0.19035148864829362636
1520430780.9279203415
1520430781.0279233456 1520430780.9279203415 0.99665936587704972993 0.065759071026876336763 0.048434006516492308925 0.86047191491465080393 -0.060035030414899936968 0.99195982902940960102 -0.11140687911895828799 -0.50193233516154811547 -0.055370601700175159365 0.10812697244270891295 0.99259390200511221636 0.087475794151236935248
1520430781.1279263496 1520430781.0279233456 0.99829502528750047041 0.019395487272815814528 -0.055053224789102545023 0.91031175509408135404 -0.028287349735504507819 0.98577917778006307614 -0.16564793539372751896 -0.41176416430327433815 0.051057500244045178617 0.16692281967638003537 0.9846470961416157186 -0.042222997680889384764
1520430781.2279908657 1520430781.1279263496 0.9999119781009798702 0.0062146870422458422301 0.011722359623920292071 0.2936450207065817164 -0.0047590537470493243788 0.99271988273051448015 -0.12035192494907015481 -0.67683442549026784363 -0.012384969019673425228 0.12028554400459301466 0.99266207767089631453 0.67503167502383909504
1520430781.3279910088
1520430781.4279940128 1520430781.3279910088 0.99693661884585926813 -0.04747822769425988354 -0.062154612855346236255 -0.46985226223970244508 0.046282133004605180426 0.99871711110040051196 -0.020544978944118719166 0.57072717257730098961 0.063050314580737953918 0.017605393783787892659 0.99785505357290626982 0.67343102553279576838
1520430781.5279979706 1520430781.4279940128 0.99660737744713301378 -0.060012500135462831796 -0.056322597999726768669 0.001890389042609609549 0.064390056275513904427 0.99475874447238488152 0.079428967943440897947 -0.080836837814370912647 0.051260665922164778963 -0.082786110690230119147 0.99524811178218342 0.99672555504584148256
1520430781.6277439594 1520430781.5279979706 0.99670100899915092807 -0.021951616472058566032 -0.078135940477719878494 -0.64045343595659276481 0.0265939482712921893 0.99791091231595696609 0.058877610312225256428 0.74511023574513324252 0.076680248926421612499 -0.060761316764846862171 0.99520259334950700314 -0.18609173264609735199
1520430781.7277469635 1520430781.6277439594 0.99375652420937576892 -0.021025782177556684438 -0.10957137890490524501 -0.53949600417310017431 0.033710707089168678863 0.99276597485597073423 0.11523587720767569653 0.75125095325088508957 0.1063558123416330492 -0.11821013345773773162 0.98727645851051037962 -0.38021844605554722119
1520430781.8277499676 1520430781.7277469635 0.99221467190915291212 -0.010128365637659730858 -0.12412679427795547671 -0.55635572021706269918 0.027523678683169877646 0.98987590909334177702 0.13924127156980417586 0.38476703332062156537 0.12145983681842159596 -0.14157365858852483109 0.9824481702532208427 -0.73649347767064499148
1520430781.9277529716 1520430781.8277499676 0.99397311439981583803 -0.041130222893714318833 -0.10161571047354694963 -0.60708461954877168676 0.047845957530650573553 0.99676611005442872226 0.064560717119136384889 0.72367017318233239909 0.098631699763846142348 -0.069033518030557738943 0.99272662963678925951 -0.32825256305713007565
1520430782.0278356075 1520430781.9277529716 0.98796240103839683133 -0.051529100441484579354 -0.14585967894568219183 -0.41577557528974257162 0.064796468989273048322 0.99403557969190292631 0.087719347427492974645 0.088181765870775752347 0.14046961145019309924 -0.096114609265576467223 0.9854086817888084715 -0.90518210718086722366
1520430782.1278386116 1520430782.0278356075 0.98663876585490861704 -0.014276882980691851799 -0.16229638420081446415 -0.16205436525269895087 0.026474886809125158793 0.99696240544881864487 0.073246450358702641648 0.31662738359425518508 0.16075766258796725383 -0.076564565786409966019 0.98401973617666438354 -0.93460445251496726549
1520430782.2278416157 1520430782.1278386116 0.99516147736958937564 -0.027190773934066381212 -0.09441554836171203724 -0.84967582855431977862 0.027527374247874436541 0.99961848560072419367 0.0022642686087893243441 -0.45749764518535529501 0.094317960254629018557 -0.0048523250284551872058 0.99553029954654015388 -0.26219628338400524648
1520430782.3278455734 1520430782.2278416157 0.99609412749991643743 -0.0048974368943610346872 -0.088161807332007458005 -0.47563793145624178038 -0.0017718240666615703294 0.99715094748167953931 -0.075411196621360365722 -0.49113438050883523323 0.088279951289389813063 0.075272857314269969731 0.9932475256209241099 0.72976405669382626851
1520430782.428227663
1520430782.5282297134 1520430782.428227663 0.99848099550107727307 -0.055091930026183143221 -0.00076214773337013319576 -0.27945057736600281695 0.054055687715025058093 0.98218966312204269986 -0.17994846007083331596 -0.054449261467533816017 0.010662281596029943298 0.17963391913054368998 0.98367574477007813094 0.95861496584157668277
1520430782.6282327175 1520430782.5282297134 0.9996561545284471384 -0.025633577015600275684 0.0055219962678877861084 0.057294050224837696217 0.025999000043871511867 0.9963244091246661327 -0.081619383599146166919 -0.95951517774198158417 -0.0034095029133374369495 0.081734885524915479316 0.99664827485834384113 0.27576804653840608639
