1520430766.8784856796
1520430766.9782240391 1520430766.8784856796 0.99708027654367559212 0.048672188807275834632 0.058838254259421518544 0.35215515549348136437 -0.049308465881689175769 0.99873926808819168954 0.0094100781642625364043 0.3609147342936170344 -0.058306065893539399392 -0.012283827391009582986 0.99822317658159309683 0.86355503647951126212
1520430767.0782270432 1520430766.9782240391 0.99549360414987397849 0.039370350194159006718 0.086269691214727661777 0.17007792210980426928 -0.045627436722941248914 0.9963748520663658903 0.071800356460263281555 -0.45576449664823709407 -0.083130145643977901293 -0.07541306050888030299 0.99368116073008816436 0.8737003056001472201
1520430767.1783270836 1520430767.0782270432 0.99741986035402652178 0.031177552741857877949 0.064665155813486363545 0.22664506736147915777 -0.033918185633848851879 0.99855319654650021022 0.041726135096294414417 0.18944729324864245656 -0.06327067926505569595 -0.043811800599782957377 0.99703427587698467693 0.9553751810265291855
1520430767.2782330513 1520430767.1783270836 0.99900802757416651279 0.018775280978915925845 0.040378826958395841462 0.11814434108935772949 -0.019575255403211085786 0.999618042246352978 0.019508433854837359256 0.3078739271613494255 -0.0399971276252717306 -0.020279507876973801306 0.99899397963250746724 0.94406332395809655633
1520430767.3777787685 1520430767.2782330513 0.99950594799131731172 0.013014362203516649519 0.028609199681456420894 0.42217668022755056034 -0.01261270858995763855 0.99981997498833297122 -0.014175231791894171707 -0.38428362204522081846 -0.028788530910808352026 0.013807388991579738757 0.99949015827932607969 0.82103163672287926556
1520430767.4777827263 1520430767.3777787685 0.99955032495701356954 0.01679880001409533169 0.024838441907962416355 0.5485126415377102882 -0.017434917409885584971 0.99951972018634149819 0.025619379647602955052 0.038755475329198825485 -0.024396137670526063523 -0.026040915435214351953 0.99936314680403193211 0.83524361428587501344
1520430767.5777857304 1520430767.4777827263 0.99747177658696550839 0.028874393023346309195 0.064933229859416338736 -0.080837084344527729285 -0.027287701314442192047 0.9993101482126653945 -0.025191447678812428634 0.48254424501362386257 -0.065615823315845506203 0.023355879489196929022 0.99757158471152829193 0.87213325667520991136
1520430767.6777887344 1520430767.5777857304 0.99391566559484922916 0.045158024611506683565 0.10046095011662174723 0.03923749405957138725 -0.040990832106423173709 0.99822664486008161333 -0.043166157746635791526 0.60135425934385555724 -0.10223209558827811572 0.038785542468437683716 0.99400416514572942361 0.79801846709767843002
1520430767.7777733803 1520430767.6777887344 0.99793046237175564439 0.036424876634048836133 0.052990759880267801485 0.11517005739791623398 -0.035471588810786450208 0.99919345000260662015 -0.018820623239588496478 0.5619230654692849436 -0.053633559062702326758 0.016902006806363056857 0.99841762980637771552 0.81913266713796839547
1520430767.8777763844 1520430767.7777733803 0.99962659922143659585 0.01552309724163319915 0.02248767620302870307 0.45624459146239160212 -0.013092523716509929521 0.99444231271125227423 -0.10446565230844415129 0.82647973671575025723 -0.023984327210036349154 0.10413222431852164895 0.99427422369623896792 0.32980618180922521843
1520430767.9777793884 1520430767.8777763844 0.99917681341084740865 -0.035451613553324878847 0.019720006049951999128 0.57073686332251372111 0.034763013680600030053 0.99880923535779775335 0.034229289268310258976 -0.54408109503991120004 -0.020910007699348698296 -0.033515585336332476274 0.99921943391708289983 0.61500828845223654007
1520430768.0777823925 1520430767.9777793884 0.98885445242384528708 0.001146380854530365534 0.14888101871116171671 -0.4704675637390081655 -0.0021035546250984804573 0.99997811948403536597 0.0062718108319163023978 0.40641625299327927001 -0.14887057123379415779 -0.0065150874213997789219 0.98883522725296124634 0.78325353543561182512
1520430768.1781365871 1520430768.0777823925 0.99822784775867823281 0.0061736400066053770397 0.059186570505026486755 -0.23881743110884429138 -0.0041383794798870443543 0.99939791264191157882 -0.03444830942543727903 0.24095478945875362098 -0.059363606480385522346 0.034142325287816327473 0.99765237625617020356 0.94069496864576684914
1520430768.2781395912 1520430768.1781365871 0.99989477629371137368 0.0030178672940355533161 0.014189038640590401208 0.55399456545993985834 -0.0027984637179515603478 0.99987661105505221126 -0.015457401653678676245 0.26444230396230677949 -0.014233936256984158764 0.015416067658758941805 0.999779845724333871 0.78940502235288512178
1520430768.3781425953 1520430768.2781395912 0.99995148635129027515 0.0096662513233979618921 -0.0018943413625947813639 0.23052130849684498992 -0.0095161823863088579323 0.99766916831172625102 0.067569763008157091022 -0.47228160756801024212 0.0025430722828177765305 -0.067548458054502658054 0.99771275355075195179 0.85077024482634444613
1520430768.4781455994 1520430768.3781425953 0.99978126518071130935 -0.017171420810931037337 -0.011940020979445686855 0.76703778164923575034 0.017058407478505704935 0.99980933009749373142 -0.0095033775205289605648 0.24940699170790431305 0.012100930871339843353 0.0092976210577953022351 0.9998835540775297126 0.59114227899028859436
1520430768.5783243179 1520430768.4781455994 0.98612979406360889989 0.16240754333250795316 -0.034231843782707896406 -0.12840440009822975953 -0.16412570089839198517 0.98488152469235712427 -0.055417836697846389882 0.65077479859756237612 0.024714035782844590017 0.060267505244179231383 0.99787626700256115697 0.74833446502597733563
1520430768.6783282757 1520430768.5783243179 0.99996571229854591678 -0.0021878074286677262617 0.0079867218504621750874 0.60385523771905669221 0.0021300012535046680684 0.9999715286400719938 0.0072391300511184669686 0.11279195200712029135 -0.0080023322801325846854 -0.0072218701104355270681 0.99994190194740084632 0.78907339800660136753
1520430768.7783303261 1520430768.6783282757 0.99893637622040043489 0.0049918958431903193151 0.045838818042631596095 -0.79629186577719190954 -0.0033255866460164540399 0.99933336665637018115 -0.036356055351269220277 0.56096144732020070123 -0.04598974599967445287 0.036164945225113376281 0.99828705290600172617 0.22636589654253169712
1520430768.8783333302 1520430768.7783303261 0.99916872093942932231 0.0026243016248285455649 0.040681447088901367959 0.27951154580209230938 -0.0028809715602439722737 0.99997630645807999983 0.0062519217305409546803 -0.58713100621894065423 -0.040664076272972943249 -0.0063639267310108826869 0.99915260763180102632 0.75970420381860392922
1520430768.977946043 1520430768.8783333302 0.99922004328451408117 0.017827842307202745875 0.035234544656676969332 0.47695109740616586924 -0.018899570969164947165 0.99936149681599983907 0.030321690237603393658 -0.36322249676884849068 -0.034671476975682957722 -0.030963958408983527359 0.9989189766762721634 0.80036683372317318774
1520430769.0779500008 1520430768.977946043 0.99890831145556746584 0.028826388645924100329 0.036759007367195895011 0.27250245261758593296 -0.029291926042076310566 0.99949657359603327755 0.012189439631688725463 -0.5597373721121878809 -0.036389124388104571173 -0.013252874685259874443 0.999249815080715309 0.78258321447520362568
1520430769.1779530048 1520430769.0779500008 0.99851704239870708868 -0.023897713666550635114 0.048914367223237553706 0.10015156888173450123 0.022769671459720877693 0.9994647288763692794 0.02349037661898797924 -0.25281028953451600838 -0.049449551069292309313 -0.022341777315090322054 0.99852670814828381474 0.96231835727892078847
1520430769.2779560089 1520430769.1779530048 0.99974584327493265512 0.019790094639622002326 0.010798194693963536483 0.3539678283008244053 -0.01924546140356714341 0.99864248531024568667 -0.048402466349761363862 0.43254180594086810707 -0.011741425375896508143 0.048182348298217769766 0.99876954310922572144 0.82922515798871554438
1520430769.377655983 1520430769.2779560089 0.99939623443343073017 0.016524514067122131333 -0.030563164677837428851 0.91376837922373510548 -0.017983362369966400529 0.99868110220160666302 -0.048090069486898506801 0.061201021321469206704 0.029728189957506812036 0.048610662824422917749 0.99837529926457069251 0.40159903401282864843
1520430769.477658987
1520430769.5776619911 1520430769.477658987 0.99968337419116060083 -0.011444208244927048246 -0.022409405690970135572 0.12390717599382698733 0.012231094820360915998 0.99930199024184385159 0.0352977707254223394 0.40950922044320353654 0.021989808668359908661 -0.035560686106090366732 0.99912556063709656584 0.90385242717449942873
1520430769.6776649952 1520430769.5776619911 0.99991079882617084351 -0.0055870080516716158492 -0.012131765404891636795 0.76296004343940271308 0.0069094081924799821692 0.99370070907916008274 0.11185330059503847955 -0.42508302002826992005 0.011430418594192304216 -0.11192714646860657535 0.99365067272867890757 0.48702812875499318368
1520430769.7774989605
1520430769.8775031567
1520430769.9775059223 1520430769.8775031567 0.99649642256068171609 0.040317735447623848088 0.073275917136111534678 0.73719794089214496502 -0.045842278297673733078 0.99610314424734602845 0.075345945750451143175 -0.62269662555507676593 -0.069952593549071101497 -0.07844110038064659729 0.99446147659264882979 0.26227487196966103866
1520430770.0775089264 1520430769.9775059223 0.97897162777821267188 0.14819597562232422749 0.14018739178194339345 0.07658711738723025797 -0.15600723040100550332 0.98666474498302214613 0.046415784709466334501 -0.53291803636645651565 -0.13143932466307106655 -0.067309983040670984256 0.98903643518081796326 0.8426937640481474423
1520430770.1776008606 1520430770.0775089264 0.98929229269449270312 0.10727726971438811265 0.098956288420192065058 0.54942132304752344663 -0.11275767967275229786 0.99228463821822709967 0.051545149441428371462 -0.8346923208405361283 -0.092663181955352155739 -0.062151300539479585605 0.99375588076305776397 -0.037748368316365174535
1520430770.2776048183
1520430770.3776068687 1520430770.2776048183 0.99611180849054248299 0.062859700615123373368 0.061724573909241159386 -0.1760263979966414094 -0.0591441502057208357 0.99642757376457535834 -0.060283162973459702982 -0.68086769331570595742 -0.06529344899868186336 0.056398123020351020873 0.99627105610754240761 0.71093873956008146742
1520430770.4776108265 1520430770.3776068687 0.99913536276502468159 0.037595135466584148065 0.017751976274548997292 0.31227779522178900073 -0.035210278665910671458 0.99220391507079752635 -0.11954759384634550123 -0.47723382237999001365 -0.02210798834520888434 0.11881917651385659473 0.99266975381739996909 0.82141978146864913501
1520430770.5777673721 1520430770.4776108265 0.99869175134971621688 0.012403930017986231071 -0.049607744417034305151 -0.39896811781241270367 -0.02060843059045144865 0.98549100999564853698 -0.16847184277010285314 0.5148322935549790591 0.046798273201427098567 0.1692737774667552042 0.98445736824277951804 0.75879651454269381183
1520430770.6777715683 1520430770.5777673721 0.99274503795828272779 -0.045424256337247337356 -0.11132801330040664745 0.32167849945807236445 0.029736280859281566391 0.98988411688070432337 -0.13872702962280158978 -0.57355747599847672902 0.1165034042844473039 0.13441008921772129581 0.9840532936313046708 0.75336230640553003557
1520430770.7777745724 1520430770.6777715683 0.99270003702606524065 -0.061452694601219035042 -0.10377958765912684291 -0.26339854848742816351 0.047974884512097221156 0.99065082359397238498 -0.12770808967577287896 -0.057098748028240615959 0.11065734021970721757 0.12179701161700812184 0.98636729518808885508 0.96299581392045707773
1520430770.8777775764
1520430770.9775907993
1520430771.0775938034
1520430771.1775968075
1520430771.2775998116 1520430771.1775968075 0.99678205577488387945 -0.052504085323581084488 -0.06057106825481628487 0.84825883111939470727 0.061718085564589575398 0.98486560042041315644 0.1619587201196043269 -0.23589717580244895512 0.051150867044826686669 -0.1651758763647782069 0.98493680947951733895 -0.47414077854197139716
1520430771.3776037693 1520430771.2775998116 0.99993405888338404708 -0.010950075612849330398 -0.0034603076559740486573 0.61965992845990680582 0.011235815665950998898 0.99515216463827504967 0.097703253078270546617 0.28791376156096715189 0.0023736746453286716729 -0.097735689795635849464 0.99520957622444994328 -0.73015562653784826797
1520430771.4774398804 1520430771.3776037693 0.99889597767433491171 0.0057776947805033285199 0.046620210521377825064 0.48341808532001795395 -0.0098981625264393802155 0.99601425456284564675 0.088643279983419309698 0.6048171882089613538 -0.045922240413926229685 -0.089006870244054792085 0.99497182115109328304 -0.6328531611934422596
1520430771.5774428844 1520430771.4774398804 0.99521694220621315097 -0.013817587321453966842 0.096707353527689332573 0.71143037872725822801 0.0036867175051677886222 0.99455349491307054599 0.10416215181261466449 0.096930183355253191069 -0.097619906063018624387 -0.10330740552744074878 0.98984742960894589459 -0.69603976594639160869
1520430771.6774458885 1520430771.5774428844 0.99648588415918748495 0.070448226383118650595 0.045309271357583474904 0.8596535492918419008 -0.07342914091452662495 0.99498701084963625529 0.067889686293726173028 -0.48287265819832009273 -0.040299428482757915226 -0.070978134942944623442 0.99666346397567151527 -0.16682257387544213723
1520430771.7774498463
1520430771.8776824474
1520430771.9776854515 1520430771.8776824474 0.98720589847392781202 0.055544668337640427935 0.14946338627753108508 0.03588558716172416535 -0.057560056153199923301 0.99829975698578243826 0.009188859437835719679 -0.99426622398185837692 -0.14869887004925552709 -0.017674417144261350687 0.98872456276997844338 0.10073182457850883564
1520430772.0776894093 1520430771.9776854515 0.99834857338612414956 0.018407634550378526583 0.05441769021329906364 0.4145177777940997621 -0.012567126228999303539 0.99430972345251678046 -0.1057839363330916882 -0.80378852093285746427 -0.056055270548229979566 0.10492536794330986627 0.99289902497974358297 0.42673062405832856703
1520430772.1776924133 1520430772.0776894093 0.9970134984787658583 -0.073953302259674183472 -0.022248436709606231321 0.098440275999213275315 0.067946196093657304504 0.9769330369012876325 -0.20244790897223213788 0.57477559251889853709 0.036706924245084218694 0.20033160134066740898 0.97904027047754738078 0.81236846954183716818
1520430772.2777915001 1520430772.1776924133 0.99889597420678100104 -0.034844884886788392298 -0.031506613761421942144 -0.40884542336819446051 0.029492868711006051119 0.98719860194135455878 -0.15674530621435428523 -0.29053945774888212394 0.036565057208764961683 0.15564303493013406654 0.98713638483699739368 0.86511978551057733267
1520430772.3777945042
1520430772.4777975082
1520430772.5778005123
1520430772.6777682304
1520430772.7777712345 1520430772.6777682304 0.99856735303020216499 -0.0084503049350639347637 -0.052837806623297706166 -0.26526620657858873686 0.012356818643516287448 0.99717794549739058318 0.074050348051947878503 0.50769164482842399355 0.052062947431622014216 -0.07459716723916426373 0.99585376042098894267 -0.81968471586263913498
1520430772.8777742386 1520430772.7777712345 0.99951658645110019741 0.0031161322566899962716 -0.030933527585763787027 -0.67872285974695345523 -0.0003976643311177641138 0.99616437153277304084 0.087500781435337487979 0.48096528250546788374 0.031087542074280216653 -0.087446181211495971342 0.99568405135329229871 -0.55498439318718884028
1520430772.9777772427 1520430772.8777742386 0.99843512335318873596 0.028668516791158782375 -0.048014795633195342384 -0.6939895909142880237 -0.022847669768027545345 0.99278989274595375036 0.11766993179078814868 0.71903761177383129777 0.051042026222257716461 -0.11638876666789020609 0.99189130783198897756 0.036923712668206806753
1520430773.0776872635 1520430772.9777772427 0.99414433257155554458 0.042605930236556677215 -0.09930649890381876288 -0.68062064636747876545 -0.034876354321520919299 0.99631861109809538579 0.078312611301130707897 0.63497665628964006235 0.10227749471460581554 -0.074390590051698901597 0.99197044017786328851 0.36545886458744414327
1520430773.1776902676 1520430773.0776872635 0.98512029721790583814 0.021781156101713161632 -0.17048044242134510751 0.78115874743222102339 -1.1387586327293863775e-05 0.99194511137357244124 0.12666844868551124792 -0.57156187613464648489 0.17186622669863799162 -0.12478171845644658866 0.9771855109749777446 -0.25121312278534713158
1520430773.2776932716 1520430773.1776902676 0.9835570386096915696 -0.021805386286158245923 -0.17927653758996189848 -0.32518697606284013846 0.0394411287446597425 0.99465695130817410874 0.09540412243543638926 -0.55625046914027298506 0.17623833057732019025 -0.1009062651337367944 0.97916187450905145528 -0.76474757023499728703
1520430773.3776962757
1520430773.4776973724 1520430773.3776962757 0.98723061619698548874 0.0069197640539303550966 -0.15914718756157844592 -0.43538381596386788175 -0.0038227414807165960298 0.99979748289906089642 0.019758032196378894074 0.64951510685186741867 0.15925167845549922929 -0.018897355744641020081 0.98705713758371949051 -0.62335468135560523351
1520430773.5777003765 1520430773.4776973724 0.99005698882812542827 -0.039280498473079128452 -0.13507109724989804778 -0.78120953657383729318 0.04290243456806536182 0.99879075502290870503 0.024008514924936219526 -0.56245813157292579021 0.13396469677014863353 -0.029564676904618419906 0.99054499640289317419 -0.27083668546484523931
1520430773.6777043343 1520430773.5777003765 0.98939870516670902489 -0.10341012091461870837 -0.10196346947247209025 -0.51597648287708575143 0.10239507596032948467 0.99462838539357334433 -0.015153329286053618397 -0.39003798144304063777 0.10298276862426175571 0.0045521271727737566692 0.9946727238165751217 0.76265237307021527258
1520430773.7777073383 1520430773.6777043343 0.98816859557666214542 -0.078498299753364086939 -0.13176055423334365191 0.90011851473452964001 0.068025857995307192905 0.99429244866342936238 -0.082188862839707305108 -0.43238575594027239823 0.13746021009750128417 0.072253328412695994043 0.98786848678011696112 0.053190389094866161179
1520430773.8780682087 1520430773.7777073383 0.9930413897553767022 -0.11642866242711437386 -0.017696462870941002954 -0.033265413799480995916 0.11249911354661419616 0.98229473921040322271 -0.14980318678449988656 0.28679141337564528769 0.03482452704539614613 0.14676992840837260745 0.9885574542893628136 0.9574153212993560258
1520430773.9780712128
1520430774.0780742168 1520430773.9780712128 0.98977087058931512153 0.065768035923654336039 0.12660248490299613744 0.020640084711254585992 -0.049232524511999067873 0.99034691809512209737 -0.12957291518549857168 -0.45288856156070145254 -0.13390213688751897991 0.12201453712667964524 0.98345445774917206183 0.89132818743187447463
1520430774.1780793667 1520430774.0780742168 0.98977632765604450782 0.067337428277086594508 0.12573182558422568711 0.47118679771484373031 -0.058556065490376438265 0.99566391113323127193 -0.072281140425167811348 -0.30322318742586584772 -0.13005386732427731689 0.064179800715678886336 0.98942758440125089248 0.82827453194368383382
1520430774.2781863213 1520430774.1780793667 0.9926037061687713603 0.088111595661499397814 0.083511850715954849544 0.71484823911055306311 -0.085037778028975219424 0.99558719939475492922 -0.039682549177227827153 0.34855274978503647532 -0.086639822298491542263 0.032287383159568749935 0.99571635824706250517 0.60622023692535320638
1520430774.3781373501
1520430774.4781403542
1520430774.5781433582 1520430774.4781403542 0.9975374857963370534 0.068195098719360192074 -0.016382702517582989343 -0.37442514343697752555 -0.066896040455486194265 0.99531276341612939795 0.069838547753559396258 0.90952213738091791662 0.021068559573470480029 -0.068570631407366772203 0.99742377368192614018 -0.18048626977209672462
1520430774.6776804924
1520430774.7776844501 1520430774.6776804924 0.99595346435730180978 -0.0034502849360734250128 -0.089804189036752052333 -0.9609829670398141177 0.017276539761805681517 0.98797529541119444296 0.15364353820132378714 0.062728789424901496008 0.088194206207366732109 -0.15457331979039201642 0.98403702714909568883 -0.26940088351124952259
1520430774.8776874542 1520430774.7776844501 0.99664910405898943235 0.022539252485984373475 -0.078629164282640912065 -0.83243925128025875182 -0.0098856462028188429869 0.98743027059223198449 0.15774579144086331439 -0.49413830851568246727 0.08119628918593604916 -0.15643990160929105437 0.98434430958222574048 -0.25074334484731986006
1520430774.9776904583 1520430774.8776874542 0.98891060216022297347 0.019012581661721261739 -0.14728999515806232012 0.31409685029358358488 -0.022185592290813571648 0.99955520475280223991 -0.019929680034808106015 0.66430393102060536492 0.1468455665991025838 0.022976387665175457276 0.98889254480962107685 -0.67826503364556622877
1520430775.0778501034 1520430774.9776904583 0.98742852519703494529 -0.03387910527695378593 -0.15439272603604620171 -0.68300309346905541119 0.027763998793715688462 0.99874878322916615936 -0.041593609716432028423 -0.22136065234947804869 0.15560870155036637952 0.036784157240494219643 0.98713365750435022594 -0.69606482162447624873
1520430775.1778531075 1520430775.0778501034 0.98831337362230087251 -0.079526926343438303357 -0.13004669740394253497 -0.5563632174867895186 0.074556494102506809529 0.99630389163114130291 -0.042660106748416692923 -0.2973842569238949185 0.13295865788450977885 0.03246572819156762213 0.99058970910591503944 0.77590113671882909863
1520430775.2778561115 1520430775.1778531075 0.99269971695736203277 -0.086002463325450001497 -0.084562688313037259746 -0.38549107789373876498 0.075668236931034554837 0.99005198058548637974 -0.11862290528605684559 0.51740660837301633013 0.093923319109378095026 0.11135821496733239178 0.98933197567185060528 0.76399412987028614275
1520430775.3778600693 1520430775.2778561115 0.99817308212735067485 -0.057497605244156424487 0.018561344444077199078 -0.57722153836037137786 0.058900568368041694711 0.99447370301799953296 -0.086906714651914407366 -0.73085755141833785853 -0.013461840970171640164 0.087841216959094803318 0.99604352286475839051 0.36422868528944535305
1520430775.4781799316 1520430775.3778600693 0.99894559666957138955 -0.0060915670245480120493 0.045503710899886945507 -0.0035880170779997722086 0.0097630856469856884539 0.99667398742441282167 -0.080905160219671146127 -0.73451638235586957926 -0.044859525779088221809 0.081264110176058168555 0.99568256354330575419 0.67858146908406924425
1520430775.5781829357 1520430775.4781799316 0.99656029654890931901 0.036643686132445785208 0.074329103377995808799 0.12164195513336066579 -0.02799948851691084345 0.99306616232901268049 -0.11417366543962220726 -0.77175170138681259413 -0.077997461401903125933 0.1116997650120811203 0.99067631369237085792 0.62418150097379043739
1520430775.6781859398 1520430775.5781829357 0.99455869347517944501 0.047849674132131397863 0.092538715780978664238 0.33902361637694977681 -0.039980847224027546427 0.99557051994256373639 -0.085093311585238640138 -0.32968577142670718594 -0.096200504615063492375 0.080930516535744484452 0.99206638608767727661 0.88111876592061721958
1520430775.7781889439 1520430775.6781859398 0.98477616514873611564 0.074844316672091987241 0.15688923741556320968 -0.15935404355292803746 -0.068071640335437832992 0.99651961178757209048 -0.048113564665169430978 0.051336764462126593944 -0.1599442288330283346 0.036701383960747978319 0.9864435371973264699 0.98588580749389587154
1520430775.8779079914 1520430775.7781889439 0.99187632668342851083 0.051045947845289998956 0.11651465046750392185 -0.79087668747956030302 -0.051794964855958094962 0.99865192540720437719 0.0034078579860745625285 0.095552202187680013168 -0.11618362268649895519 -0.009415045887254988588 0.99318312648291728895 0.60446988498885767527
1520430775.9779109955 1520430775.8779079914 0.99624468028372725747 0.079697169479795909597 0.033836344118166883366 -0.39752738115223207327 -0.080203806506168803803 0.99668173797073456033 0.013887498606927090039 -0.22505453667074210022 -0.032617271932143865332 -0.016549150206128571128 0.99933089574933064991 0.88956305946130997953
1520430776.0779139996 1520430775.9779109955 0.99887142677964835258 0.025473601394065736869 0.040087010305150549971 0.43906948999233108566 -0.028772947136791293676 0.99604986142282037065 0.084004708633766855819 0.39603145194016864394 -0.037788758596339455664 -0.085063324597601408517 0.99565869680937890696 0.80645959107201159455
1520430776.1779170036 1520430776.0779139996 0.99941944690460959855 0.030192226993819511888 0.015786024769958793834 0.02512683291796527843 -0.031064744738673842617 0.99781521070984457999 0.058307691691487417707 0.71698704238599397787 -0.013991096569072360156 -0.058764229810507551122 0.99817383982529472863 0.69663349281964503934
1520430776.2779200077 1520430776.1779170036 0.99933850761422382547 0.0096768540076844350439 0.035055751252684612396 -0.99346289604659210326 -0.014522248614377737674 0.9899426511508612192 0.14072189498292900223 0.073968744203347841504 -0.033341438099733250455 -0.14113789685594094192 0.98942834130447432361 0.086948830122653725239
1520430776.3776288033 1520430776.2779200077 0.99982986670431084342 0.0036429897249481979493 -0.018082208712001668349 -0.36155314492456447351 -0.0021035845287681875782 0.99642688612988339347 0.084433616111320053399 0.84337841402284907666 0.018325189717184109384 -0.084381213687451717131 0.99626502407665673555 0.39748229414083330324
1520430776.4776318073 1520430776.3776288033 0.99456691312863954035 0.030786615632239028306 -0.099442644814394964836 0.78369772259388803537 -0.018719925350228483474 0.99258873387303425684 0.120071519450737213 -0.33291049791813237535 0.10240224462701524866 -0.11755760156723052412 0.98777223620078979938 -0.52439344005913490765
1520430776.5776348114 1520430776.4776318073 0.99582177533788363011 0.048525554811688520473 -0.077358013761494689997 -0.84368263130931475668 -0.043593849610088775126 0.99698351468436241518 0.064214077302325062169 0.53442769940977230547 0.080240688176752172911 -0.06057344284283151109 0.99493330931429124764 0.050859136156343714985
1520430776.6776378155 1520430776.5776348114 0.98736075696101799348 -0.039230335772835966957 -0.15355688316879845257 0.83835143059233274698 0.045766752221467199568 0.99818019156807757941 0.039264609411209766554 -0.24251394053118258132 0.15173707524683693881 -0.045796134293917920011 0.98735939458703136928 -0.48821498079414471505
1520430776.7779927254 1520430776.6776378155 0.99533675831594314865 -0.039104609114844826601 -0.088179176062629094357 -0.9247150952148515124 0.040122537192887886004 0.99914670262025051528 0.0098004414331931688498 -0.15027318047846349724 0.087720690571348791664 -0.013292711877390853137 0.99605641620172824524 0.34974271101864884415
1520430776.8779957294
1520430776.9779987335 1520430776.8779957294 0.99812455742969585781 -0.06082839712991126857 -0.0068756060372578411619 0.038308315860265756969 0.059228070765314909385 0.98799370150856102857 -0.14269015878059268521 -0.99760281131750117023 0.01547266910370097108 0.14201532270152297799 0.98974352467131065936 0.057629018622284783335
1520430777.0780017376 1520430776.9779987335 0.98900692868447648287 -0.088319208207942645483 -0.11859600531055403128 0.92887548659319973954 0.076519375325210137184 0.99197850843875357008 -0.10061522745322831751 -0.35502543092703625627 0.12653094567708905727 0.090434264839978448225 0.98783174859330891149 0.10558065069565861216
1520430777.1779632568 1520430777.0780017376 0.99947797354279255266 0.028319822983462833443 -0.015548891567493589028 0.97269924274102548267 -0.030296740947764161378 0.98872200563921963656 -0.14666595737492379992 -0.16309980296908549446 0.011219977305521156019 0.14706047460464766186 0.98906386493406950322 -0.16508978600289089811
1520430777.2779662609 1520430777.1779632568 0.99438624909918593708 0.051507851304121943237 0.092427965770564030068 0.84425982058343762571 -0.043632539996598496135 0.99540019463652706921 -0.085291582064171284072 -0.45521742959378164173 -0.096396001244332285562 0.080779909455238191329 0.99205968427938140408 0.28284703841909425437
1520430777.377969265 1520430777.2779662609 0.99322211376177726994 0.0061000379385636391283 0.11607162560994729872 0.042887690407619541433 -0.007900453201116777735 0.99985541676891143137 0.015057503016228435122 0.57095877892006918763 -0.11596299225961981261 -0.015872463419861759792 0.99312670356363930146 0.81985774301741132231
1520430777.4779722691 1520430777.377969265 0.98979791073064216089 0.036668111900974034723 0.13767913960681577024 0.97530591106207065177 -0.047499996946450240287 0.99595808134916707921 0.076231558329684326325 0.075021937207025282679 -0.13432738441338989976 -0.081993595877376146408 0.98753896329803370069 -0.20772599448573877967
1520430777.5776209831
1520430777.6776239872
1520430777.7776279449
1520430777.8776299953
1520430777.977814436 1520430777.8776299953 0.99732063040813345722 -0.0091981328991594668576 0.072573786682892743594 0.30003232051301748085 0.0010361764220911950929 0.99374040455352652401 0.11170915224911232011 -0.71730210835314478501 -0.073147019766678533781 -0.11133464289681949122 0.99108733761979339594 -0.62885474634426341556
1520430778.07781744 1520430777.977814436 0.99157011607172007572 0.0525083647254294128 0.11845495577381781604 0.70051443486523290449 -0.047928566255370841365 0.99800121858971513333 -0.041187622292971626248 -0.56548187678918515608 -0.12038088490379328377 0.035163039221677683255 0.99210483479442546084 0.43532720288126330876
1520430778.1778204441 1520430778.07781744 0.99604065348993742202 0.044325087541898122723 0.077060386773891015322 0.89439054990219735153 -0.035457628754870795795 0.99297863898942617666 -0.1128546812223098772 -0.4130173029981805688 -0.081521611603429411375 0.10967547184813153383 0.99061875497916385136 0.17170396521266995116
1520430778.2778234482 1520430778.1778204441 0.99795952954878885954 0.026519625956053893834 0.058081725369611370002 0.58262509256109518141 -0.017811003372890710228 0.98917985695758181564 -0.1456227274439970687 -0.39883475068678547748 -0.061315133055477033519 0.14429109476516138733 0.98763380583587756512 0.708151709143446495
1520430778.3779830933 1520430778.2778234482 0.99920095623626381531 -0.035635966902703958281 0.018097704811549653048 0.8876359528348400918 0.03780007120541889476 0.98967780266426885749 -0.13823531216910450725 -0.20046176874177548677 -0.012984747721917766494 0.13880895063551879076 0.9902340488743378577 0.4146293459318879937
1520430778.4779860973
1520430778.5779900551 1520430778.4779860973 0.99326741434426957245 -0.077078503550266908029 -0.086479754233582339928 -0.19091581620496700378 0.071921331584797909553 0.99552801527012679816 -0.061247798943242282022 -0.74746942664203586126 0.090813906781499115217 0.05461570381102653915 0.99436912624654005821 0.63627086005742705677
1520430778.6779918671 1520430778.5779900551 0.99109872808965393531 -0.05349578527232998898 -0.12190780178957710822 0.39089880615041122658 0.052362424784874024575 0.99855011275667993065 -0.012483941055224628824 0.18304560351030069176 0.12239888745294386085 0.0059894299994831534661 0.99246291571955602695 -0.90204901772893286704
1520430778.7776412964
1520430778.8776443005
1520430778.9776473045 1520430778.8776443005 0.99860218847182391499 -0.032666031878121448706 -0.0415523710589609796 -0.93008772702663444765 0.03755115212836507288 0.99171927861885567079 0.12281198390030553802 0.1532996138152000476 0.037196507270393086575 -0.12420065530034055112 0.99155968911097303042 -0.333820383497681894
1520430779.0776512623 1520430778.9776473045 0.99627168647840780302 0.01789617603843324245 -0.084394630188599384368 -0.66322722525472055377 -0.0073596865495645924504 0.99231196261199972053 0.12354272083377906832 0.63465673041706460733 0.085956743396671253521 -0.12246099681254565827 0.98874402275023465236 -0.39666167223119130902
1520430779.1776778698 1520430779.0776512623 0.99509815034126314348 -0.0014466931626827550517 -0.098881637659831878029 -0.48285373779657547733 0.012124556186888124643 0.99413427794070208243 0.10747107778649084286 0.65587754310993151563 0.098146147783131215681 -0.10814316669217705069 0.98927872168217589888 -0.58023867187559607927
1520430779.2776799202 1520430779.1776778698 0.99455233549920973868 -0.0077242176665930362134 -0.10395185623406247299 -0.98154013781367599467 0.019879280630752088621 0.99300252513028641754 0.11640790044700147221 -0.171309060499994531 0.10232529577124077624 -0.11784023738228924238 0.98774653241558585393 -0.085042128685258761012
1520430779.3776838779 1520430779.2776799202 0.98424242240793236025 -0.029390822637066257861 -0.17436465661733513421 0.48564599025635507568 0.031874663734591059117 0.99942615797641376485 0.011461263643746749663 -0.13086174565158714689 0.17392774288298989971 -0.01683847668945225029 0.98461444533299791182 -0.86430502467181302695
1520430779.477686882
1520430779.5781202316
1520430779.6781232357
1520430779.7781262398 1520430779.6781232357 0.99952689332281796641 -0.0046157864905424506041 0.03040861784938564405 -0.63832941493678285738 0.0099691016136563559424 0.98391992439901831968 -0.17833171166017164344 0.36785428003019854382 -0.029096503869929846164 0.17855048833790337914 0.98350044055752428029 -0.67617955210870550609
1520430779.8781292439 1520430779.7781262398 0.99870828068071015871 0.0046953086592856352333 0.050593716767736426898 0.62669489733755256999 -0.00017630229493992288781 0.99603553214693030249 -0.088956099387744611007 -0.77627208878517262036 -0.050810815947794810143 0.08883227328722116678 0.99474976160104888745 -0.068228658378864298628
1520430779.9778909683 1520430779.8781292439 0.99438993306147205331 0.039621499883419342147 0.098075469782149593545 0.65318478453457218258 -0.031982511656993672933 0.99641892513583019131 -0.078271607746786736604 -0.49673214892923989172 -0.10082549267973539564 0.074695798932368440148 0.99209614334889106857 -0.57149524011374208676
1520430780.0778939724
1520430780.1778969765 1520430780.0778939724 0.99058916774419769613 0.038376026548700592489 0.13137877048515644862 0.85304895995521379248 -0.043523910976406454676 0.99838402018220129275 0.036537890170943859713 -0.51966709025079294015 -0.12976428600033160232 -0.041912156126349867091 0.99065867040452681991 0.047471962563209263442
1520430780.2778999805 1520430780.1778969765 0.99376446330993573053 0.025002587139009491146 0.10866030599382536792 0.81002886710375276991 -0.03882017578381474765 0.99114627216466288928 0.12697267866043276952 -0.4123191064718833565 -0.10452361175557084438 -0.13039914804341320997 0.98593654804714625506 -0.4169486645821512405
1520430780.3777074814
1520430780.4777104855
1520430780.5777134895 1520430780.4777104855 0.99075873796243385527 0.047617902207020501582 0.12700259265262170416 0.68685144806630216152 -0.059789731825055009162 0.99379260347118858476 0.093816039429541323025 0.10143209447434746451 -0.121746914208833934 -0.10054251178163335634 0.98745576721454553226 -0.71968508286595100909
1520430780.6777164936 1520430780.5777134895 0.98506914098142706049 0.026096943706107822436 0.17016973002068447318 0.67527892456717941716 -0.036680078514375047405 0.99756328476906208635 0.059346985778028937819 -0.53446613638805884339 -0.16820629990072211157 -0.064702723358128849673 0.98362604594619662546 0.50827583366693096512
1520430780.7777194977 1520430780.6777164936 0.9829236093137441177 0.054844873416159234392 0.17565084148277662623 0.42798144623983347401 -0.063094054176999980754 0.99713501138030868898 0.041724206488579218544 -0.64022691794320973901 -0.17285924499763349882 -0.052094231346256014703 0.98356792977368412423 0.63791956798282911656
1520430780.8779191971 1520430780.7777194977 0.98908891527822939693 0.045990380878930703368 0.13995714537081280215 0.88576229938149886323 -0.040680232749202960285 0.99834823649589687911 -0.040569906938559101295 -0.44909413968931222172 -0.14159179473827793183 0.034433755998199463977 0.98932607370403935487 -0.1172160513373367019
1520430780.9779243469 1520430780.8779191971 0.98851572879110072289 0.10188983956533213815 0.11160248440761105782 -0.23725536488726597928 -0.092846965481342275117 0.99217796897591137295 -0.083440511022771723937 -0.45537274498869756423 -0.11923126659356886314 0.072120305546951091191 0.99024369050971872142 0.85810579473260095718
1520430781.0779252052 1520430780.9779243469 0.99821672418987184017 -0.012226202063149164967 -0.058428516417518505666 0.76504144791568018391 0.0018212682657246792584 0.98458287255697185536 -0.17490926233154530101 -0.030138925856239236201 0.059666192517584537569 0.17449093687229766392 0.98284935693110264676 0.64327539057491667229
1520430781.1779282093 1520430781.0779252052 0.99798151998747064439 0.010958109924467634988 0.062552422737898571992 -0.80885333825379546191 0.0016182038676653964782 0.98029194887193460417 -0.19754765600509416323 0.14678450379959415151 -0.063484385322220560077 0.19725013258233214941 0.97829551671083125886 0.56939493029003884761
1520430781.2779898643
1520430781.3780789375 1520430781.2779898643 0.99496574782510349699 -0.058732239912665878956 -0.081201506449534499588 0.46707884676252020562 0.058137619596384304543 0.998261744621813496 -0.0096698713682730752517 -0.50593033791350905393 0.081628290699357619609 0.0049003285046898548138 0.99665079588492122564 0.72517021731846942334
1520430781.4779958725 1520430781.3780789375 0.99455297411468146507 -0.066289259900938840575 -0.080437029416974711871 0.22868309016205179418 0.068157046781097602173 0.99745987069236941025 0.020698389609841161274 -0.83151225477489310034 0.078860628032756147077 -0.026067995322757053778 0.99654476114529466635 0.50625232289156751886
1520430781.5779988766 1520430781.4779958725 0.99734627536235231915 -0.040526921652246028493 -0.060481200734080850512 -0.73654642080040344521 0.041977696560229593725 0.99885580079254820962 0.022912053914369324981 0.6591632970123416646 0.059483443178255393513 -0.025390113124411292644 0.99790633936416561767 -0.15166778787183193833
1520430781.6777451038 1520430781.5779988766 0.9584562437951738012 -0.13132871946648705386 -0.25320820716031255948 0.76736563431801074753 0.13357347278159936721 0.99100344941261120368 -0.0083839502246355473991 0.61307703744779873389 0.25203126016252486163 -0.025786250126735743571 0.96737547684717073437 0.18784709053362541598
1520430781.7777481079
1520430781.877751112 1520430781.7777481079 0.99102133352275223466 -0.020824955691300828242 -0.13207209290096511012 -0.47684231246689290362 0.03814897032923336706 0.99077563653437383806 0.13003189652053065428 0.49786739363272847214 0.12814590342888498853 -0.13390279784366754257 0.98267424315692375458 -0.72439593275955127538
1520430781.9777550697
1520430782.0778377056 1520430781.9777550697 0.99045702433537363696 -0.018817228944133623791 -0.13653129619094739322 -0.69107444271209184095 0.034116888185317856275 0.99327909983398443572 0.1106013913725298059 -0.29015442116593276323 0.13353247127671474814 -0.11420394795213084649 0.98444224685193193469 -0.66198680236696050283
1520430782.1778407097 1520430782.0778377056 0.99567645782511360331 -0.035605052657780744685 -0.085794356213400604916 -0.94943995390584379201 0.039549084099482156862 0.99821650057312938387 0.044717870369993487079 -0.31011122752659664448 0.084049159898997860552 -0.047917618980622495028 0.99530881665516268697 -0.048936698797701197461
1520430782.2778437138 1520430782.1778407097 0.99517275681882466642 -0.017831901999208643605 -0.096504960269983397492 -0.58910518889514240648 0.013007145013184118199 0.998644655482623822 -0.05039510149406795092 -0.66343934116902880671 0.097272803312264094489 0.048896578071292606804 0.99405589701419294624 -0.46130609903406144534
1520430782.3778467178 1520430782.2778437138 0.99350466611097898451 0.037771480541902907602 -0.10733961837730177091 -0.69316926288672553458 -0.049967222790499060681 0.99230322672101622938 -0.11330305770659490627 -0.24218379956630681216 0.10223382543129622135 0.11793057914184909563 0.98774522192767455486 0.67886919227248831987
1520430782.478228569
