1520430766.9282231331
1520430767.0282251835 1520430766.9282231331 0.9971675234030585866 0.01777897074890589374 0.073081040423082638258 0.28519348104451253123 -0.015005334600961262037 0.99915253196548414749 -0.03832828981933919521 0.16545905414530018285 -0.073700544120948591198 0.037123120370890355657 0.99658923520686526487 0.94408049432824103775
1520430767.1282291412 1520430767.0282251835 0.99836318717479421991 0.018484794768590717684 0.054122627953102742104 0.36436759725008394106 -0.017372727369456289481 0.99962965619852217625 -0.020946092527504733827 0.25261402150398809541 -0.054489768194895538134 0.019971550034669938167 0.99831458085679536385 0.89633833467825252406
1520430767.2282321453 1520430767.1282291412 0.99885050291316401783 0.026009252694292966934 0.04026402369862719377 0.37833864606045025658 -0.027456259975541463803 0.99898130235653481712 0.035812167348499096553 0.20496288677107976639 -0.039291559122471564347 -0.03687650086878951905 0.99854709306341637998 0.90269046962046206595
1520430767.3277778625 1520430767.2282321453 0.99956656010321542905 0.0016203444089987438514 0.029395006504871978859 0.40656222963509230928 -0.0010634287984562160179 0.99981983533451712631 -0.018951675146260074656 -0.071809076899444657105 -0.029420418804222470133 0.018912201237692612132 0.99938819664919464891 0.91079668966734428359
1520430767.4277808666 1520430767.3277778625 0.99943277488084369953 0.018218379250846603729 0.028323473506073060246 0.45568871851448139454 -0.018463373129083294338 0.99979414563011759221 0.0084125035773985890053 0.053170612382399215501 -0.028164380814659273344 -0.0089306786537087304301 0.99956341001064630269 0.88854976101370430897
1520430767.5277838707 1520430767.4277808666 0.99938455146387794592 0.011997498248420668254 0.032963287626128379149 0.53707623153308592379 -0.012052047489695641436 0.99992631044845747823 0.0014566482900754962326 0.17719765465449782704 -0.032943382440937030164 -0.0018530269059043036339 0.99945550168310937078 0.82471213929901898698
1520430767.6277868748 1520430767.5277838707 0.99871575057221440019 0.005976426034580678559 0.050310355701701614528 0.49350857840875822502 -0.0049527649515634930566 0.99977866941804216516 -0.020447060816246365178 0.20501169411593533898 -0.050421420827988616686 0.020171626323673114145 0.99852430406732950452 0.8452333928050169698
1520430767.7277712822 1520430767.6277868748 0.99838093309797260044 0.022263590726222096117 0.052343528295263175298 0.45574864452060254161 -0.021831423819614184656 0.99972281503464777153 -0.0088137411584481850646 0.19449359688483267017 -0.052525244982104868363 0.0076567373714276076857 0.99859024279851404948 0.86859968557928568522
1520430767.8277742863 1520430767.7277712822 0.99812914787919204684 0.043533286126578057962 0.042930841512595185883 0.5285264317586568783 -0.044130305801179728342 0.99894044302964468685 0.013057847817750725672 0.12051805178217453451 -0.042316902814980239533 -0.014927969679720584639 0.99899271041253789871 0.84031851706783822209
1520430767.927778244 1520430767.8277742863 0.99904451142980899014 0.023418048681586124682 0.036900666361477207911 0.56264151708273857366 -0.021985096173817587906 0.99900622714060305363 -0.03877129970127203562 -0.066988989795067302446 -0.03777194366460639996 0.037922989468721086948 0.99856653616148860486 0.82398240181515469693
1520430768.0277812481 1520430767.927778244 0.99841722580439262735 -0.005914185295876317125 0.055929112538522895992 0.55032042989015694801 0.0048401442455609199056 0.99980164311393648902 0.019319612582928760713 0.045723448073433391181 -0.056032278382579625564 -0.019018329026450623426 0.99824780838241700121 0.83370066015434396434
1520430768.1281347275 1520430768.0277812481 0.99875667776940280085 0.0001198755843245247199 0.049850619262648721008 0.54078971395275665657 -0.0004282032933982798939 0.99998084653644458974 0.0061743989339606286659 0.2377547516334927169 -0.049848924290949059301 -0.006188068365851839836 0.99873759945089424228 0.80685758554939068787
1520430768.2281386852 1520430768.1281347275 0.99964228468649696246 0.01209607645040119972 0.023853460991373809374 0.51141315531006503736 -0.011553161959610078191 0.99967401012601053711 -0.022768353636482635549 0.25379927963139425895 -0.024121092750867767496 0.022484626149593012201 0.99945615935438447686 0.82100091975246192177
1520430768.3281416893 1520430768.2281386852 0.99991245221846036806 -0.012918728219617522934 0.0028625791959337454351 0.56290084019659591963 0.012887527088963679489 0.99986010213559439741 0.01066244826153017744 0.20648058830210272441 -0.0029999239984637160461 -0.010624623220907153387 0.99993905706168784153 0.80031769364445781711
1520430768.4281446934 1520430768.3281416893 0.99998683527446274866 3.6119422684000035417e-05 -0.0051310791411096068337 0.54469135593030626463 0.0001394484625692193891 0.99941458561601159705 0.034212082837831947479 0.16624399394493877269 0.0051293110542560693688 -0.034212347966248765618 0.99940142356049566086 0.82199407616602693238
1520430768.5283234119 1520430768.4281446934 0.9999483590623367002 -0.0031973689496887225392 -0.0096465558796578476652 0.55640630488304743118 0.0030072172159894480781 0.99980215376087178125 -0.019662400152008801396 -0.030845297402364586781 0.009707515292578738908 0.019632375478311779593 0.99976013822312559398 0.83033763705769270125
1520430768.6283254623 1520430768.5283234119 0.99996091094204941907 0.0030776602714644892 0.0082888235112684172101 0.53796381436727402914 -0.003199217659284391696 0.99988694712670200815 0.014692105771898437971 0.040091490535538690243 -0.0082426691257160289439 -0.014718049221876399607 0.9998577085929709618 0.84201401818381405029
1520430768.7283322811 1520430768.6283254623 0.99995993262813498426 0.00012940070254024993446 0.0089507761559549647856 0.60081721563357726179 -2.93431736180099767e-05 0.99993752521898715546 -0.011177870902177811097 0.20246980778081979935 -0.0089516633825222347021 0.011177160390088897168 0.99989746414734970159 0.77332053531217836984
1520430768.8283324242 1520430768.7283322811 0.99966343058023587886 -0.0028893373136387179301 0.025781336087219219877 0.62572616343557674323 0.0034095026099908026795 0.99979105486281105719 -0.020154947488387392474 0.14728147860491466736 -0.02571771476058110073 0.020236065482084189537 0.99946440697070237924 0.76601235920325960738
1520430768.9283432961 1520430768.8283324242 0.99926036793898620481 0.007912449720037142975 0.037631239759936319089 0.63598969519156178798 -0.007676050639002507392 0.99994991470825911328 -0.0064223299146739243337 0.15066293814741565926 -0.037680171350850055756 0.0061287204515567267338 0.99927105605666244337 0.75684726773565891289
1520430769.0279479027 1520430768.9283432961 0.99952297418800184481 0.017105994514877428253 0.025713984950368529159 0.67700642412085820787 -0.017232715492603127572 0.99984039035727534372 0.004714586616263668345 0.030656506038352768911 -0.025629233057620104397 -0.0051554594235854560302 0.99965822341988963551 0.73533834412235610234
1520430769.1279509068 1520430769.0279479027 0.99966052759554135942 -0.0051666275647040448352 0.025536944355415647223 0.67911949755099698667 0.0051907569188843101504 0.99998614188487766619 -0.00087868128838340924663 0.0081186660383839592825 -0.025532050642535775165 0.001010939070933837558 0.99967349289264528789 0.73398283039035605579
1520430769.2279539108 1520430769.1279509068 0.99969114588844787406 -0.022292313321563322209 0.010984789438821696006 0.75631761939888031421 0.022473365066125502998 0.99960888803604741604 -0.016643882417909629245 -0.011250379071752338034 -0.010609462514503342767 0.016885607069625892251 0.99980113801647774174 0.65410785621146050328
1520430769.3279569149 1520430769.2279539108 0.99987797474456885372 0.011352380743236883953 -0.010731219509462319728 0.68909851664853261077 -0.011856158407261171289 0.99877169256616293858 -0.048109641823069315691 0.023158168829601262495 0.010171879301368258464 0.048231002270144436583 0.99878441281965146814 0.72429754491455489163
1520430769.427656889 1520430769.3279569149 0.99923481173166184277 0.026393826183390929618 -0.028864458473903009672 0.45327495408345802597 -0.027472188769370901873 0.9989142653759003343 -0.037624051785334101938 0.071403293810465909286 0.027840076648794842562 0.03838823215422144941 0.99887500407421514481 0.88850626651344200013
1520430769.5276608467 1520430769.427656889 0.99984478654569397538 -0.0072267963537058776957 -0.016067863325843312339 0.82945197462307962422 0.0077886365215786290683 0.99935051549552678107 0.035183580260675126339 0.33942915986836064146 0.015803162928054448333 -0.035303266042771591637 0.9992516897399685849 0.44361838017031346437
1520430769.6276638508 1520430769.5276608467 0.99957558752372333011 -0.023069267745980115425 -0.017789145911695503077 0.82861086997345456684 0.023845362099066735873 0.99871469660688927394 0.044725311488831492879 0.45685833389312724417 0.016734501276336466447 -0.045130518134327779478 0.9988409246721718926 0.32354982446947866404
1520430769.7276668549 1520430769.6276638508 0.99996529380437593204 -0.003260153760538953005 0.0076669801216358024476 0.86231420484404897042 0.0025375951362573978543 0.99571570596254366237 0.092432643099920414054 0.36550259343015351066 -0.0079354771534139723066 -0.092409979423060409354 0.99568942140879279634 0.35045979272950461558
1520430769.8275010586 1520430769.7276668549 0.99928901100837075333 -0.018927004280985815221 0.032607376264578408209 0.84140593249908690598 0.01702706456783592559 0.99819506258859314052 0.057590763981366227542 0.52668202015255727311 -0.033638542627691198073 -0.05699460968111140502 0.99780762821156232523 0.12100457182835533398
1520430769.9275040627 1520430769.8275010586 0.99824772138034667535 -0.0093365414966334880909 0.058432146561862158274 0.93861655702255875067 0.0077880389588039222737 0.99961388165840725506 0.026672720989582295037 0.34310044166262027021 -0.058658615804683331141 -0.02617091111699421796 0.99793499297458465591 0.03579170035122444804
1520430770.0275080204 1520430769.9275040627 0.99426953000859297216 0.045974375553218316259 0.096511442269728117682 0.99585269916893726094 -0.048501761411181038008 0.99853458027069830205 0.024005648161060891277 0.089244172868869375836 -0.095266367814167696171 -0.028549059461064771326 0.99504234601718533071 -0.017688390737804315922
1520430770.1275110245 1520430770.0275080204 0.98946559789871313395 0.065688773525702320866 0.12900703704694371776 0.99798322925436977471 -0.070258635840631938896 0.99704098565403742604 0.031192900087019505284 -0.040742958212673145713 -0.12657628002416557167 -0.039928159971557686259 0.99115295861765428942 0.048677361094260851448
1520430770.2276017666 1520430770.1275110245 0.99270864322454355211 0.043522483186085814122 0.11240704214862640153 0.91735531722629415352 -0.040662867505925237577 0.99879139315157894341 -0.027609494246071134005 -0.3605620469953792484 -0.11347281997677574616 0.022837390911510740965 0.99327859772718007925 0.16868382324084180146
1520430770.3276059628 1520430770.2276017666 0.99796195137772314432 0.045785462443953206524 0.044448116171111579087 0.75400138568717667287 -0.043634074819251689181 0.9978830956691673304 -0.048222348474411036445 -0.58777566506728040618 -0.046561906286525955867 0.046184616556954716238 0.99784716769475889642 0.29326042681639474807
1520430770.4276089668 1520430770.3276059628 0.99893025335422014344 0.045535173332012235381 0.0080558626662611265701 0.57803749614725441486 -0.044829191866796347377 0.99633376035802245774 -0.072865502999793607675 -0.60587603860398175915 -0.011344271252223370183 0.072426417559248112976 0.99730924068179083175 0.54661401271222453957
1520430770.5276119709 1520430770.4276089668 0.99867401686651213755 0.032650322932288533551 -0.039801563387921179427 0.34676675991500099938 -0.03703876042485021447 0.99267049812013619103 -0.11503656978592252669 -0.56118209313290789986 0.035753856601714817387 0.11635823380551169048 0.99256356127140088486 0.75155004661367730279
1520430770.6277694702 1520430770.5276119709 0.99592960632738070093 -0.025109169429848796073 -0.086566441830144932879 0.067872582330166908449 0.013977114377725863292 0.99181960188111228938 -0.12687993378806455835 -0.48627428737263495018 0.089044143626971411498 0.12515353344965868265 0.98813345938228613896 0.87116624705510126159
1520430770.7278375626 1520430770.6277694702 0.99378122393356271846 -0.047583133173561123486 -0.10067136829554385047 -0.31927218157262104992 0.034785771742714563515 0.99151417476107506221 -0.12525809886840943985 -0.32505557124219613963 0.10577726145714702599 0.12097721556248372532 0.98700338615091642858 0.89017085420624109116
1520430770.8277754784 1520430770.7278375626 0.99376069094829422301 -0.075232303792920104946 -0.082339477724711729323 -0.52419131270409358159 0.067247978982863748643 0.99312784566569745071 -0.095785131863618644399 0.083235872856903647676 0.08897976426519055293 0.089650335355871718646 0.99199063449303326312 0.84752301275853747509
1520430770.9277784824 1520430770.8277754784 0.99135519788062542723 -0.10252013852130581473 -0.081880967462765241738 -0.5483826085243321824 0.1021121226716233954 0.99473066412792032764 -0.0091662558944279326489 0.64196543068669942311 0.082389234967691654665 0.00072597603201579596899 0.99659996333545963765 0.53587022726709609977
1520430771.0275917053 1520430770.9277784824 0.99177715361373597336 -0.10091009667919062509 -0.078709783115141943033 -0.27010201304482300833 0.10558207595937577072 0.99273890000193887317 0.057635940688510106655 0.94978463677778091068 0.072322215162043013148 -0.065472351501509457039 0.99523005801820396687 0.15796849777735344489
1520430771.1275956631 1520430771.0275917053 0.99644702647319494115 -0.059226432668180034602 -0.059879488191945315356 -0.11292339721338542913 0.062738901941462643652 0.99630887250789934573 0.058587206327127772099 0.9926363850681200196 0.056188554136116716786 -0.062135820872017452632 0.9964848148108694792 0.043832789104532622615
1520430771.2275986671 1520430771.1275956631 0.99909033817085091123 -0.035564747073955266243 -0.02352966083947753001 -0.023680643254302902873 0.036939730711237260541 0.9974636529325255907 0.060841740388349108137 0.97475516551534557852 0.021306160344757841402 -0.061655574314635919198 0.99787005050121402316 -0.2220171039271828517
1520430771.3276016712 1520430771.2275986671 0.99989431438634124305 -0.0086694859613198616 -0.011670478612042164968 0.21080649706043955161 0.0094066412157988166243 0.99786258175074848964 0.064666707375334975261 0.89881665712400982127 0.011084906806324026918 -0.064769653039802976835 0.99783867277541338225 -0.38430357489038075025
1520430771.4274377823 1520430771.3276016712 0.99971056077085718172 0.0096429789856383174573 0.02204104442853244139 0.39673397665944926116 -0.011137021886529929748 0.9975752566341197225 0.068699156434917474368 0.68735289712565394993 -0.021325136030444447055 -0.068924743798238929937 0.99739391328884208221 -0.60839801657874448271
1520430771.5274407864 1520430771.4274377823 0.99729361151120166085 -0.01542347206941979687 0.071885804914936513033 0.6535803238362383194 0.0082624171143567126663 0.99506609893685882273 0.098869566652280360675 0.39759936463267508966 -0.073056039465418665113 -0.098008036690391875378 0.99250049866069189886 -0.6440089328090182752
1520430771.6274437904 1520430771.5274407864 0.99522762814987908442 -0.0030887769299148271074 0.097531674979175642104 0.79132653187935109163 -0.0038382671547407543056 0.99748626075490542942 0.070756111470642549244 0.20267991482899205824 -0.097505055624901859623 -0.070792789620655355298 0.99271402985215806414 -0.57682161199864179224
1520430771.7274467945 1520430771.6274437904 0.995296614557385384 0.051709017803053723694 0.081919634572240496162 0.87531831495378298325 -0.052926660483942830626 0.99851685923173194581 0.0127612867695539485 0.071146643764884470729 -0.081138262617728829085 -0.017036998205106713977 0.99655723520103778323 -0.47828443690701671898
1520430771.8276815414 1520430771.7274467945 0.99535051164706611626 0.060721235165032888537 0.074768245692649504264 0.81781973258696172291 -0.062787363503267634712 0.99769858744190220712 0.025598351523917511896 -0.13658806850257693144 -0.073041809590344397574 -0.030173833307458569619 0.99687232574452666611 -0.55903003902663916946
1520430771.9276845455 1520430771.8276815414 0.994193423102853302 0.060234584706159277623 0.089169682427985869078 0.88258633722601598226 -0.060038984428967379081 0.9981841209799729997 -0.004876573815416479496 -0.37570469966790986938 -0.089301499471002909747 -0.00050539956026730836758 0.99600451141725032667 -0.28264347858992078244
1520430772.0276875496 1520430771.9276845455 0.99711095815172989809 0.030727189842088609151 0.069466372714772003927 0.63616298118765612912 -0.025711533312791745587 0.99707476039707498838 -0.071978046888067748199 -0.77009564213836301239 -0.071474850041427326341 0.069984012342276774588 0.99498421285366744904 -0.047427453293807625423
1520430772.1276905537 1520430772.0276875496 0.99969549205222973942 0.0020683117559209818204 0.024589535516769858714 0.21195053595609383845 0.0011467473879069045584 0.99151060254087319823 -0.13002080610218647028 -0.97167106800773428432 -0.024649708738208007952 0.13000941171897667514 0.99120630785099805848 0.10455766784235868971
1520430772.227789402 1520430772.1276905537 0.99956288663123615823 -0.029459119147092760471 0.0024891702447896874029 -0.33536167255059701198 0.029527544152430362789 0.99059694295504474582 -0.13358825077245886637 -0.93440232982569959574 0.001469627761174194247 0.13360335664644257259 0.99103379522953061187 0.1201034329249970195
1520430772.3277935982 1520430772.227789402 0.99802933546249494867 -0.060321701202680155784 -0.017284036574413033649 -0.55197703269656983593 0.058206301495515866407 0.99286094183217821207 -0.1041113665760532575 -0.83352653526175557452 0.023440819578336859197 0.10290015815408089239 0.99441544911036117149 -0.023555686999611004373
1520430772.4277954102 1520430772.3277935982 0.99607883942962882617 -0.088411184975264456298 -0.0032261450359998555815 -0.78606496677444592791 0.088114866653617562875 0.99468450303996869266 -0.053277665928093798087 -0.61635931134157095901 0.0079193380492874124177 0.052784484305522752501 0.99857452516147293675 0.046936844082589697369
1520430772.5277984142 1520430772.4277954102 0.99464028533043991054 -0.10270342462282963658 -0.011946102649985787525 -0.934990548922202791 0.10242385263261144512 0.99449660635318359869 -0.022042104343611715334 -0.35444819896440737939 0.014144158146540287274 0.020700399096256941189 0.99968566873171793574 0.012615374629636546405
1520430772.6277673244 1520430772.5277984142 0.99683389321228044189 -0.075643374608066082931 -0.024500392265259574032 -0.95043281952922986644 0.076163556240666271946 0.99687326900382255968 0.021042771832797957376 -0.047041813986820842086 0.022832039856804819955 -0.022842185174279064364 0.99947833019652865261 -0.30735081470291819583
1520430772.7277703285 1520430772.6277673244 0.99984587779408362618 -0.0078983776716497477999 -0.01567916733549873376 -0.86175517832557491094 0.0088095628331147368684 0.99822368121202731395 0.058922609159799410605 0.31652145196973657804 0.015185923115437927056 -0.05905165448711038878 0.99813941403065864488 -0.39647469411303715159
1520430772.8277733326 1520430772.7277703285 0.99943290802517359417 -0.0020487197726506978235 -0.033610490975852225226 -0.74688700665003149304 0.0048762642847495762943 0.99643169607251214082 0.084262073963806721766 0.45565066217104954749 0.033317929151884306815 -0.084378183254618294162 0.99587661775326352664 -0.48429564664617857916
1520430772.9277763367 1520430772.8277733326 0.99864384547282158966 0.013478497933868294201 -0.050287175230885022836 -0.64565780466421329731 -0.008093327297191033054 0.99435517129190875707 0.1057936263595248283 0.60898181743965751345 0.051429251914796192402 -0.10524316328619603977 0.99311575791999140428 -0.46072458725802728496
1520430773.0276851654 1520430772.9277763367 0.99731058673099748368 0.044278616690231531461 -0.058403747296497499075 -0.65747292073428131864 -0.03896348490877804549 0.99525126837363986354 0.089200670650081359536 0.63136169000684649877 0.062076085878839337706 -0.086685159656428034669 0.99429987561967558829 -0.41123202075328690874
1520430773.1276881695 1520430773.0276851654 0.99574330819627765443 0.021743053430183512109 -0.089568430877542237756 -0.65338151652996412366 -0.016341313650382716105 0.9980279673646668126 0.06060641736756358644 0.56214716173894740958 0.090709567579790872927 -0.058884768705359719076 0.99413497995191946188 -0.50703368961623218603
1520430773.2276911736 1520430773.1276881695 0.99131753000345068649 0.0023401762366049294606 -0.13146892516119323968 -0.7756427669409026171 0.0057840698433572756976 0.99809770522618523891 0.061380089265738679849 0.43726324772172109334 0.13136247273824031012 -0.061607583927666798029 0.98941821610413605015 -0.45516936439540145454
1520430773.3276941776 1520430773.2276911736 0.98956490564019827794 -0.0092107207455307538169 -0.14379311579019488088 -0.82103372959624931759 0.016502319093865791544 0.99863287438403502971 0.04959894821469576498 0.31429045415263767715 0.14313969047692109982 -0.051454298390199521007 0.98836404436186520162 -0.47657646321844393533
1520430773.4276952744 1520430773.3276941776 0.99200376428057235323 -0.0059991161330717468481 -0.12606562679333496724 -0.82924407634880814566 0.014701580833240690538 0.99756233676298533553 0.06821471830166644934 -0.43610910836201105534 0.12534909323237308776 -0.069522621337187479051 0.98967378966416386099 -0.34951839357050018542
1520430773.5276992321 1520430773.4276952744 0.99031568206105968777 -0.0090211220854407025982 -0.13854049667969967063 -0.9312221227497623488 0.012963037992158421563 0.99953561943113933275 0.027577257558024710626 -0.20067596850518462648 0.13822738335782880359 -0.02910609634986000005 0.98997273984959854864 -0.30422773339380676516
1520430773.6277031898 1520430773.5276992321 0.99143003283048214413 -0.06057047315179936442 -0.11574846773895686169 -0.89261340920256204701 0.060862977406650420331 0.99814562077519253247 -0.0010088153959584983399 -0.45048869349789255612 0.11559493061093450983 -0.0060446264957154756045 0.99327804491369908746 -0.017356230649008083655
1520430773.7277052402 1520430773.6277031898 0.99519290314503816575 -0.078790179018273343026 -0.058165223458857773231 -0.77118972052520462501 0.076922647785603870396 0.9964680347255372439 -0.03368029138647510301 -0.55410068915978916149 0.060613462097147602359 0.029044163966180452929 0.99773866555932522182 0.31343075986396651267
1520430773.827709198 1520430773.7277052402 0.9962687446265073854 -0.08351838289322410791 -0.021754728203853629376 -0.47970450580870643842 0.081116114239208836345 0.99221820700864782339 -0.094462721172297092753 -0.80441067564322987771 0.029474811128391842363 0.092345597618101515902 0.99529067417991079481 0.35043837121243848198
1520430773.9280693531 1520430773.827709198 0.99889217532471930028 -0.04245637415170519513 0.020294786742927395373 -0.25180942270342432376 0.044812627649183006673 0.98984561545936422533 -0.13489805765484580435 -0.76407340459936368138 -0.014361423266037148805 0.1356580769794589747 0.99065162174803256256 0.59395609856428432938
1520430774.0280723572 1520430773.9280693531 0.99621569004891563637 0.02891738536662351311 0.081963917207028821887 0.22904742961692697856 -0.016972514570278304791 0.98959918303921390326 -0.14284743846944630841 -0.62810614808690434785 -0.085242199933625611985 0.14091572570752636251 0.98634503374772308781 0.74365310576996224157
1520430774.1280763149 1520430774.0280723572 0.98952260052707585736 0.066240434241086401657 0.12828572764608386914 0.46944058583794956441 -0.053657840055656436107 0.9936225460663955511 -0.099171932264604356622 -0.37038884768772956102 -0.13403678318541700776 0.091249333258309306416 0.98676628435167934583 0.80152207572635103539
1520430774.2280783653 1520430774.1280763149 0.99130742063828081179 0.074092265332190501703 0.10871951989143202599 0.52718806803535289696 -0.068016586907275328189 0.99596342873452348154 -0.058571260263516791711 0.13458286617814133046 -0.11262034315772712079 0.050667394262147363859 0.99234544059300233698 0.83902335667872129932
1520430774.3281364441 1520430774.2280783653 0.98949271642639180513 0.11696505215111989429 0.084990238936051204499 -0.048214711881462063436 -0.11620466090502351575 0.99312862776448351809 -0.013856604872117317395 0.78919030120780042648 -0.086026977879440275077 0.0038347476995581608605 0.99628542787045271112 0.61225322378712632165
1520430774.4281394482 1520430774.3281364441 0.99493376068740513318 0.074607517780526183548 0.067383455944661913017 0.33188088857984487934 -0.077143216191073615828 0.99637550022174958819 0.035843922128526724269 0.93620341141262430895 -0.0644649985660048358 -0.040860504750762333126 0.99708308736604200906 -0.1156643776398659923
1520430774.5281424522 1520430774.4281394482 0.99817832100523362637 0.054051344875295739834 0.026804693476051529022 0.0079940703176592103896 -0.056085124341976162754 0.99504923867836303497 0.082045544870854095199 0.98295144962025049473 -0.022237317795055708269 -0.083399428791701604724 0.99626805477968605196 -0.18369143292272732682
1520430774.6281454563 1520430774.5281424522 0.99571269788587069005 0.065422076329269274186 -0.065392470496284521575 -0.4348764596113328107 -0.061557368837870052314 0.99633057183354811759 0.05946496423603469389 0.89810606995496533589 0.069042838952338550507 -0.055184631543589719727 0.99608621254929485822 -0.065482455558406926777
1520430774.7276825905 1520430774.6281454563 0.99638877118302882074 0.022500213668997459671 -0.081872810170550647246 -0.74366038977833315293 -0.012848831389341619502 0.99310130199787327587 0.11655347057062492855 0.50433834792605980457 0.083930472370301267837 -0.11508059938572917646 0.98980408740958425451 -0.43887589986914365969
1520430774.8276855946 1520430774.7276825905 0.99401752654904595996 -0.0033819607260546225014 -0.10916830700786936403 -0.84322668435044179081 0.015501747012661160063 0.99377047519551109378 0.11036275852498207695 0.4511886495998924107 0.10811499781654929087 -0.1113948157291688168 0.98787769601089414628 -0.29222861131584321193
1520430774.9276885986 1520430774.8276855946 0.99015940804770596895 -0.0032312654666233064926 -0.13990677459687428374 -0.87662114926004797155 0.011639012299721057664 0.99817122627524090817 0.059318938197414225466 0.083133105077895480539 0.13945924152706129506 -0.060363581401917401625 0.98838623927745528075 -0.47394540562189191313
1520430775.0276916027 1520430774.9276885986 0.99048919352034303643 -0.040689815242080609736 -0.13143628287115508013 -0.95983197349557969336 0.041527422958423459987 0.99913074531418055724 0.0036368819560981674455 -0.14616147000171456072 0.13117404721153186342 -0.0090605023864976791392 0.99131794931527950077 -0.23949824079211745609
1520430775.127851963 1520430775.0276916027 0.99293591907603739877 -0.052806573364866882248 -0.10625312427447199115 -0.92590858128344377675 0.050148738971338868708 0.99836214338076378905 -0.027534244927935075387 -0.35083603618478587105 0.10753308601639777198 0.022011280599454265128 0.99395781547214678842 -0.14002633616512627501
1520430775.2278549671 1520430775.127851963 0.99478957022922109843 -0.064150580976311211145 -0.079236443153155533548 -0.79441622278106605037 0.059389208340923038687 0.99636606647986547536 -0.061053939267488532838 -0.59258385126094603734 0.082865148861266932356 0.056030032374089489 0.99498442328327874051 0.13321878323648006504
1520430775.3278579712 1520430775.2278549671 0.99606467433727274852 -0.087183249359023440306 -0.015945079761020747311 -0.47932331834529162684 0.085090822124899323509 0.99102114434144927824 -0.10313410424429730883 -0.82931162869988717112 0.024793477519132578468 0.1013714580114498387 0.99453964776329617514 0.28721312468896559311
1520430775.4278619289 1520430775.3278579712 0.99914685832209859662 -0.026125051553962608253 0.031984952499307273133 -0.23385619587002604014 0.028526118688354001884 0.9966174719099940571 -0.077070586064402479831 -0.72308873294629716355 -0.029863289464794162686 0.077917240486527372667 0.99651246232915047241 0.64996458668093481936
1520430775.528181076 1520430775.4278619289 0.9982989973541879225 0.011942622478303924205 0.057065625817682957832 0.13732592252498448948 -0.0062525643569137229205 0.99508094287409465384 -0.098867702348964914272 -0.72948937803304569893 -0.057965656388811362398 0.098342721627691309649 0.993462979573106586 0.67006480159729497892
1520430775.6281850338 1520430775.528181076 0.99603425715976656729 0.034471995598677446226 0.082020973437510025228 0.40462641429460055598 -0.024971414759810864337 0.99314860814864414085 -0.11415897063877133988 -0.33716364520344521694 -0.085394303141869520868 0.11165806577160081181 0.99007085066628386372 0.85005772816216351728
1520430775.7281880379 1520430775.6281850338 0.99277199334967747291 0.058552536008030980907 0.10476339889262736849 0.44965016271699970174 -0.052097479359273654587 0.99663206138333360062 -0.063327615360261435562 -0.27540810796478937261 -0.10811855467456804591 0.057411973923872539061 0.99247883775184209121 0.84968529776372536677
1520430775.8281910419 1520430775.7281880379 0.99393094571655304925 0.062820419016232170728 0.0903043193962702051 0.54016233343888797602 -0.062372476630277493004 0.99802264389013839452 -0.0077766600506617156174 0.1896607416776104893 -0.090614288641494455945 0.0020969590275132787838 0.9958838554052542591 0.81991063939929120785
1520430775.9279098511 1520430775.8281910419 0.9961861269529539431 0.05934607517460901982 0.063962831612138559834 0.30672719996287983735 -0.058273434110478861125 0.99812907091339808652 -0.018508502763006418057 0.60000561398937346524 -0.064941568686356782036 0.014710579829708192445 0.99778063295377150688 0.73885836801390214479
1520430776.0279128551 1520430775.9279098511 0.99818931892445450504 0.040415836120610143523 0.044549340913260029873 0.23637955360648710279 -0.040340501072486240064 0.99918263612730373602 -0.0025891378704985257286 0.90989107102803989946 -0.04461757006331283637 0.00078730703266438606391 0.99900383011742333039 0.34091486547266264262
1520430776.1279158592 1520430776.0279128551 0.99746880454799280447 0.053314074034921069001 0.047048841254565425263 0.12955334267015350402 -0.05720981829648515149 0.99467175823683418034 0.085762054875849258462 0.98861063435732166038 -0.042225829110646304065 -0.088236630011826591713 0.99520413809432795027 -0.076582929159206405978
1520430776.2279188633 1520430776.1279158592 0.99882270042243548325 0.040406328295871145329 0.026842908830460542741 0.085895385801119522595 -0.04325996551827063219 0.99230781404102008647 0.11599042019274967419 0.99416333181778504535 -0.021949681186572516517 -0.11701508803047097618 0.99288754683953461821 0.065278268719673862575
1520430776.3276269436 1520430776.2279188633 0.99997572485997032743 0.0028066664052232292992 -0.0063774849640496952125 -0.13767361486412882376 -0.0021712874838486218021 0.99522950490575801119 0.097537265061628380947 0.97915206269629995184 0.0066208157684208290839 -0.097521049977580070989 0.99521143964980163243 -0.14935599716055877884
1520430776.4276299477 1520430776.3276269436 0.9994692307207002635 0.015084084190549684745 -0.028874335433112963134 -0.36812508884988492941 -0.012936838502291381214 0.9972363611121316529 0.073159266572321107747 0.8788034622728139178 0.029898077733144318158 -0.072746893266769363517 0.99690219904858046185 -0.30362541668407744266
1520430776.5276329517 1520430776.4276299477 0.99756917942944833833 0.043896546751365728145 -0.054118623742316185332 -0.54226916130940727712 -0.040579222172712536842 0.9973160397197725624 0.060942954026913076504 0.7650883904914346223 0.056648556736379779286 -0.058598720984113394916 0.99667303109831939523 -0.34725194229552958092
1520430776.6276359558 1520430776.5276329517 0.99475618485869921059 0.031350525058553235791 -0.097351308485906951073 -0.87425588793997000003 -0.027218131305290410582 0.99868301861077324322 0.043490247949649396553 0.28563034529247771642 0.098586540732562399914 -0.040612472431840532239 0.99429941218395545555 -0.39254547284409524455
1520430776.7279918194 1520430776.6276359558 0.99327438431873305014 -0.020539610198073321445 -0.11394789102546962201 -0.9174475287481831387 0.02025477683048604316 0.99978816272266046727 -0.0036570063158417043248 -0.29396550505696084077 0.11399886609869547272 0.0013244215937916747894 0.9934799969982553991 -0.26809385265323937286
1520430776.827994585 1520430776.7279918194 0.99590014608661192597 -0.034220885695814995398 -0.083736670622006528775 -0.56460233459197850525 0.030872555084455355345 0.9986837130979744348 -0.040960060246536755812 -0.82303548507896095998 0.085028138679037162939 0.038206965006874482604 0.99564574194727573087 -0.061941860434817017089
1520430776.9279975891 1520430776.827994585 0.99789358232101466051 -0.055560388909101712795 -0.033487931360446782092 -0.044011798481829907115 0.051378892516576867011 0.99204714972017116192 -0.11490283780592275287 -0.99651609165451293659 0.039605653211412461534 0.1129402316110319493 0.99281211531555313421 0.070842364923884862393
1520430777.0280005932 1520430776.9279975891 0.99741763632253566119 -0.071111980490359022467 0.010057086233358519811 0.20118728416506653778 0.071818988887150131406 0.98817128394361652965 -0.13549740375539204296 -0.93415422508825063375 -0.00030263508360177382439 0.13586978994597415094 0.99072665684942740061 0.29475338919180327224
1520430777.1279613972 1520430777.0280005932 0.99953348306116795996 -0.016359951761264313053 0.02579085531692920652 0.50853713423883495359 0.019519997864988092307 0.99165043638484740018 -0.12746914019123614659 -0.84645958064760506989 -0.023490123945192745158 0.12791311111888112317 0.99150716088232460077 0.15778517493742708067
1520430777.2279644012 1520430777.1279613972 0.99849548330904114302 0.031902300334428812523 0.044598352489930714881 0.81660903856461763972 -0.026507508614350805409 0.99281152036013486928 -0.11671605299725532068 -0.55719752333686656254 -0.048001268717652714746 0.11535826053460558616 0.99216346935770927118 0.15060079057505887379
1520430777.327968359 1520430777.2279644012 0.99601139233851498922 0.046027360430765273946 0.076438134616625921791 0.90337106733822947202 -0.043616124930329291942 0.99850580041624814598 -0.03292112059408077579 -0.42631666703072024216 -0.077839193071067430685 0.029455875931374473492 0.99653068763343199965 0.04663490225149637125
1520430777.4279713631 1520430777.327968359 0.99359464868183400288 0.039085485932395067077 0.10602829292340287815 0.99777859798706647343 -0.044873412371374432617 0.99759833949163190248 0.052762959599391548449 0.066483226095374187148 -0.10371138304434551758 -0.057182845617956050421 0.99296227078074883465 -0.0042249315869843789839
1520430777.5276198387 1520430777.4279713631 0.99408609790851576449 0.043487249802687588662 0.099507231142356919462 0.89365983899535139656 -0.050683500992946384223 0.99618983430789931344 0.070971802490136126629 0.44873396732923320762 -0.096041723600307313258 -0.075595457047362660252 0.99250255123182562489 -0.0031494018113121247104
1520430777.6276228428 1520430777.5276198387 0.99334412006516159543 0.052336957958729057871 0.10260751416731381247 0.85218895189794408029 -0.058770776698161553142 0.99642343525744569988 0.060715183241466699759 0.45554304919786670069 -0.09906288375705690763 -0.066341393574270379752 0.99286724417736704762 0.25739953494634137954
1520430777.7276258469 1520430777.6276228428 0.99605742381293438381 0.027211045138635148177 0.084434397549833006824 0.86605294737099536295 -0.033323797907225449766 0.9968584070931587604 0.07185291017577929984 0.47755830812451360856 -0.082213946263261519776 -0.074383299403517802451 0.99383499224452143128 0.14795389380230589138
1520430777.8276879787 1520430777.7276258469 0.99447469886861505906 0.02561050056887387294 0.10180459503769342944 0.89367725457324254101 -0.034976034228606400767 0.9952088133669297898 0.091302216985278017436 0.37840676342298001922 -0.09897853474272291785 -0.094358465743139149917 0.99060573872897850212 0.24114163069486038715
1520430777.9278123379 1520430777.8276879787 0.99429954462563752138 0.028370439662547042303 0.10277905287850910843 0.92924296800586680956 -0.029443336758297133926 0.9995265019081793767 0.0089365487597652306512 0.36395957184491423142 -0.10247685337571166286 -0.011911764627960133578 0.99466406609752466839 -0.063568360637299578531
1520430778.0278153419 1520430777.9278123379 0.9928305659796938798 0.044421072512084103234 0.11096952542620205917 0.97000226455904325906 -0.042702072143271041504 0.99892890163210334986 -0.017820845062750334531 -0.18832251465238003529 -0.11164228719939103818 0.012954451009432651348 0.99366401862396758204 0.15372129724059691025
1520430778.127818346 1520430778.0278153419 0.98910427483669471904 0.064785595277390972679 0.13219515930748121368 0.47270104600864609745 -0.055570218210299116013 0.9958372427750797895 -0.072250513840290908618 -0.73637921618775004085 -0.13632565550121533704 0.064117178249517403632 0.98858702353686778164 0.48404480274975225651
1520430778.2278213501 1520430778.127818346 0.99795423559201423824 0.02930570452386332958 0.056820061125612553177 0.76208085436473727015 -0.021502209202415689671 0.99083137587402025925 -0.13338230610921203434 -0.61260653433290856995 -0.060207961793884628987 0.1318876804935017466 0.98943450570043800507 0.20963302579349210597
1520430778.3278253078 1520430778.2278213501 0.99950443172929193114 0.006180018406085785454 0.030865811604517706668 0.24904302955503157535 -0.0021720553068486636583 0.99174174165814410475 -0.12823260127056063107 -0.61265058470702871141 -0.031403393594468864691 0.12810201101220475284 0.99126368926001695581 0.75009121477870066563
1520430778.4279849529 1520430778.3278253078 0.99924363593126896976 -0.033361906004884034349 -0.019978470376370391359 0.075105635616510235675 0.031586764248742821293 0.99601580496581965107 -0.083395399049254637092 -0.89859788466011214503 0.022681101718227555941 0.082701266532087092109 0.99631624905891991162 0.432297334230748731
1520430778.527987957 1520430778.4279849529 0.99458662072054304648 -0.06986249293969265528 -0.076919997165510248238 -0.18133016830610790282 0.063947635918649547992 0.99499011402235437718 -0.076846423847813483121 -0.91754849013373496192 0.08190331949381877974 0.071511573035652087338 0.99407139641871822278 0.35387022807150814163
1520430778.6279909611 1520430778.527987957 0.99439142442375061393 -0.06426886521849317635 -0.083995285558364607414 -0.70349331184811336737 0.061798387436222013136 0.99758540447709254106 -0.031691009522541641052 -0.61177289655271149815 0.085829216137552122312 0.026322494900795023742 0.99596208357517845844 0.36170579650937101368
1520430778.7279939651 1520430778.6279909611 0.99598475800216346165 -0.035844080454115551104 -0.082033918130068661512 -0.98743900311663002078 0.039284041719814963289 0.99839843145474382879 0.040710393450122263348 -0.099923483773630666915 0.080443308569002558439 -0.043769555230854483019 0.99579772049416004354 -0.12239081875115123688
1520430778.8276422024 1520430778.7279939651 0.99608829600705894869 -0.01300307188576960149 -0.087401525611897207257 -0.59369725038382192839 0.019258619959403866506 0.99728219247910376843 0.071114935993299904782 0.68467977100009502767 0.086239272463378702227 -0.072519988179849115273 0.99363154096444705754 -0.42277320878923674297
1520430778.9276463985 1520430778.8276422024 0.99578623430611312717 -0.011109383178337595144 -0.091029430251143281239 -0.48949426708304227818 0.021659105177634474515 0.99304337925161079159 0.11573992434525628981 0.77952792132961934435 0.089110373859360936244 -0.11722383942670686063 0.98909954642629704935 -0.39080888214107734058
1520430779.0276482105 1520430778.9276463985 0.99574388217136222679 0.018288652468934185613 -0.090330760592255782138 -0.53949895033364680952 -0.0053808773203401494278 0.98997801443129007648 0.14111901750630351238 0.7395104439605251212 0.092006343681119900912 -0.14003233959893526817 0.98586296034939868704 -0.40257320559396553294
