1520530308.4995064735
1520530308.5995094776
1520530308.6995124817
1520530308.7995598316
1520530308.8995628357
1520530308.9995670319
1520530309.0995700359
1520530309.1995825768
1520530309.2995855808
1520530309.3995885849
1520530309.499591589
1520530309.5995969772
1520530309.6995999813
1520530309.7996029854
1520530309.8996059895
1520530309.9996221066
1520530310.0996251106
1520530310.1996281147
1520530310.2996311188
1520530310.3996245861
1520530310.4996275902
1520530310.5996317863
1520530310.6996347904
1520530310.7996509075
1520530310.8996539116
1520530310.9996569157
1520530311.0996599197
1520530311.1996719837
1520530311.2996749878
1520530311.3996777534
1520530311.499683857
1520530311.5996837616
1520530311.6997201443
1520530311.7997231483
1520530311.8997261524
1520530311.9997291565
1520530312.0997214317
1520530312.1997253895
1520530312.2997283936
1520530312.3997313976
1520530312.4997141361
1520530312.5997171402
1520530312.6997201443
1520530312.799724102
1520530312.899721384
1520530312.9997243881
1520530313.0997273922
1520530313.1997303963
1520530313.2997376919
1520530313.3997898102
1520530313.4997437
1520530313.5997467041
1520530313.6997458935
1520530313.7997500896
1520530313.8997530937
1520530313.9997560978
1520530314.0997626781
1520530314.1997656822
1520530314.2997686863 1520530314.1997656822 0.99989800097987369121 0.0018121362099120519318 -0.014166996816875915277 -0.98582184089130808768 -0.0018449172919908496393 0.99999565042006000049 -0.002301178208445981907 0.16430285747596173884 0.014162765148033766571 0.0023270804279264759723 0.99989699508501550529 0.034056850219986160855
1520530314.399772644 1520530314.2997686863 0.99990323781814760551 -0.00033886002773621248796 -0.013906839132832846118 -0.99430601353141323528 0.00032955508050099002748 0.99999972032271333688 -0.00067137764686422529009 -0.076417936369046285394 0.013907062746453868751 0.00066672961340835060901 0.99990306984096666287 0.074268771744021466752
1520530314.4997742176 1520530314.399772644 0.99979244829729863042 -0.0069932396181918571321 -0.019135175132085541216 -0.97233071596018016969 0.0071944911370245695492 0.99991931840086911709 0.010468810153025052967 -0.086251059504586280458 0.019060420377638748191 -0.010604305181545970599 0.99976209624422329725 0.21710304819301634582
1520530314.5997772217 1520530314.4997742176 0.9996598339798907773 -0.0037523673641022270431 -0.025809611900647677629 -0.9353213166212615004 0.0041210501475463512389 0.99989002271038973646 0.014246383046152388818 -0.21949476287985147938 0.025753315766686046828 -0.014347899615661859063 0.99956535779489685822 0.27748168181375065799
1520530314.6997802258 1520530314.5997772217 0.99948085676634645935 -1.5006138078976771766e-05 -0.032218267061188965439 -0.77894515305357103774 0.00013156248669538017637 0.99999345506717163268 0.0036155931923575468367 -0.54536547920380418208 0.032218001938704332598 -0.0036179548969477171028 0.9994743172055204905 0.3095495802406356689
1520530314.7997872829 1520530314.6997802258 0.99925354331230875626 -0.016385407785673100634 -0.034983919012783748492 -0.69457400280567171968 0.016403521057197167909 0.99986542656239929538 0.00023078586990188387773 -0.6481627193267688325 0.034975429585952066969 -0.00080447305043518380074 0.99938784870959351814 0.31217309925974451312
1520530314.8998103142 1520530314.7997872829 0.99942931541705704035 -0.01318303126942371728 -0.031100661914857274937 -0.58195512201404053787 0.012177148745345978131 0.99940360135118433416 -0.032313443869643770912 -0.78935017139624041871 0.031508102663070233773 0.031916285699189750336 0.99899378885643785875 0.19558768590672809262
1520530314.9999194145 1520530314.8998103142 0.99959979745034988063 -0.022377217131256288418 -0.017306215377149186674 -0.54757014438042939108 0.021445424151743441854 0.99840259170277789735 -0.052271968244254174429 -0.8082876477591469655 0.018448271468391869155 0.051879909740063179235 0.99848291735271643699 0.21642092196269124837
1520530315.0998163223 1520530314.9999194145 0.99987094575410095931 -0.013857266670157186716 -0.0081282222676049564747 -0.4438824055104784172 0.013558770826179955549 0.99927073369669072722 -0.035695385009278157717 -0.8259965603115151378 0.0086169350979667935775 0.035580569665332795193 0.99932966106876253143 0.3474163099679934974
1520530315.1998193264 1520530315.0998163223 0.99997387228033618456 0.00049243530091452880626 -0.0072119528662449583489 -0.41899103924912317609 -0.00056880410538245884666 0.99994375223103038053 -0.010590978992466359987 -0.79293759852845779879 0.0072063318380597707336 0.010594804462735307737 0.99991790608021136055 0.44237594178352651619
1520530315.2996351719
1520530315.3996391296 1520530315.2996351719 0.99995791646409004638 0.0048375860202784226605 0.007795066535465002 0.17689417003968005426 -0.0048863094167793108547 0.99996856979945458743 0.0062436682740809462677 0.98214219037638794685 -0.0077646172526026641797 -0.006281494625459592418 0.99995012552836404218 -0.064071604386370953343
1520530315.4996421337 1520530315.3996391296 0.99999189557053491662 -0.0038513003826290970188 0.0011731490151262458088 0.26053957943154582022 0.0037850653742350082176 0.99863900841324892976 0.052017344756494943159 0.91548239995215174858 -0.0013718867889507269098 -0.052012482739877408111 0.99864549243756794983 -0.30661230067869471583
1520530315.5996451378 1520530315.4996421337 0.99998353508612003449 0.0011246516087517477445 -0.005627140963705500043 0.42606936058083783037 -0.00075014652005500614962 0.99781151890984765007 0.066118151902647262497 0.88655266670766941228 0.0056891859580198156365 -0.066112842092758555834 0.99779593368261065844 -0.18024779923138123383
1520530315.6996371746 1520530315.5996451378 0.99999248601620793764 -0.0028810263843928596295 0.0025937613800749714787 0.60109801176763810737 0.0027070875544948913571 0.99789885398674793571 0.064734449012154027248 0.76002458264630878837 -0.0027748131642749140902 -0.064726941059401965628 0.99789915498160230989 -0.24707046367847362855
1520530315.7996401787 1520530315.6996371746 0.9998398226124101118 0.0074234817364344785062 0.016285608287478270384 0.55367353151692189073 -0.0085164777517603429402 0.99764178061280572862 0.068105412284295396841 0.52986314083083640991 -0.015741623966037898708 -0.068233199357929152917 0.99754520287568548831 -0.64241005011321294926
1520530315.8996431828 1520530315.7996401787 0.99963699095179903154 0.01930089159473397098 0.018797922876773481837 0.77588623565762404599 -0.020323421923126527844 0.998234178123786009 0.055816522167393939347 0.53950214418206920985 -0.017687420449782498277 -0.056178298382711155945 0.99826407024827612524 -0.32701373937495537003
1520530315.9996471405 1520530315.8996431828 0.99962783468693161559 0.013506976070329246298 0.023701344192934709065 0.91195324992186421742 -0.01462065905093173912 0.99876604517416067708 0.047461809237352589608 0.30143896684064769298 -0.023031032283265306937 -0.047790674870752614112 0.99859181998821000548 -0.27834478480293550762
1520530316.1002209187 1520530315.9996471405 0.99995698400137478234 -0.0040724479454184170368 0.0083333855429111175495 0.98190970792210752194 0.0039979445813823621947 0.99995206707926098666 0.0089375602396523402826 -0.17171774751990664942 -0.0083693838482374882659 -0.0089038593679974381567 0.99992533456371390788 -0.079789351889910639648
1520530316.2002239227 1520530316.1002209187 0.99992900154482156072 -0.011125400416919450919 0.0042681770276717656554 0.81501751823766077631 0.011240548548194784217 0.999545384715677665 -0.027976310727557768265 -0.50092720204328533562 -0.0039549889901275003812 0.028022301103805519196 0.99959947414098504481 -0.29123595797704993071
1520530316.3002269268 1520530316.2002239227 0.99968593098799340968 0.010570843581337030503 0.022722162103272894318 0.73757412722885595802 -0.0095219666042664075079 0.99890599739063168361 -0.045783627302939763903 -0.67276717636334382178 -0.023181275561446980371 0.045552888415622667939 0.99869292719050428708 -0.058040789542223761299
1520530316.4002299309 1520530316.3002269268 0.99966372477044718181 0.0047568609366215874878 0.025491364265269517153 0.71579670744252443804 -0.003483591520044571066 0.99875499522391497642 -0.04976267783588991106 -0.69526005113414446335 -0.025696341533309657867 0.049657142379588625758 0.99843570961905059313 -0.065180786366748816318
1520530316.500232935 1520530316.4002299309 0.99977603526131042511 0.0050769779349004173774 0.020545160311452412283 0.67462552323336411053 -0.0042352558432209863604 0.99915805191334006174 -0.040807473637582331039 -0.73021149720244826753 -0.020735040996275100333 0.040711320192153482855 0.99895577804179847003 0.10803505336449259477
1520530316.6002781391 1520530316.500232935 0.99998710892929054683 0.0037695395978423751338 0.0034018445672093083898 0.70853160702592443698 -0.0036145921380349999019 0.99900467672928727758 -0.044458864095787961612 -0.7013746642713836188 -0.0035660480808323499757 0.044445994692799827008 0.99900542383755497333 0.077823789187269176715
1520530316.7002811432 1520530316.6002781391 0.99999899187496887887 0.0013124913204188848326 -0.00054186306364599479135 0.79694521245946980947 -0.0013272690169806589111 0.99960035984321593538 -0.028237545188454199474 -0.59313637873431412917 0.0005045849804366370206 0.028238235919533935525 0.99960109415013653766 0.11431344872706299121
1520530316.8002841473 1520530316.7002811432 0.99968634693349200937 0.0081614064176145917351 0.023676976159478696493 0.91501469969087267931 -0.0076785088534752077294 0.99976210675555177154 -0.0204149552408921936 -0.33113509458665835172 -0.023837958313519702624 0.020226748156514026689 0.99951119573642377425 0.2304292700216419576
1520530316.9002871513 1520530316.8002841473 0.999640333977266482 0.01092330457961125656 0.024492531573528764088 0.91802211625168161913 -0.010587088051475318506 0.99984851520425255256 -0.013815216626699065861 -0.12961084455486265865 -0.02463972914643303147 0.01355094317430933365 0.99960454965285039375 0.37474847971213848252
1520530316.9997749329 1520530316.9002871513 0.99970822578525186941 -0.0067791460231459085839 0.023184185914118735083 0.99022638937956020122 0.0067344286338732184394 0.99997531076605605804 0.0020063223332197630336 0.051824577915944004813 -0.023197214666395335469 -0.0018496046946233643885 0.99972919743008115123 -0.12948324563492141781
1520530317.0997779369 1520530316.9997749329 0.99981965071591938354 -0.008199600972104981178 0.017129874085802382355 0.87271459459047984186 0.0077910293293488308564 0.99968677336227296237 0.02378350324315678388 0.44751723034451562633 -0.017319523789250501622 -0.023645754553963393985 0.99957036390005449267 0.19518597524809105925
1520530317.199780941 1520530317.0997779369 0.99996627891657841047 -0.0050717406729594016745 0.006458984152143881774 0.92290013197962872393 0.0048240185667809409864 0.99927338786422192918 0.037807739303307594247 0.35887893607802140439 -0.0066460420250515350737 -0.037775306125903906906 0.99926415745412167091 0.13950360436738135084
1520530317.2997839451 1520530317.199780941 0.99969659681819345032 -0.021133622923675099425 0.012652442145369327542 0.66973220701486002593 0.020710993966048196757 0.99925221804570263373 0.032650565993280200594 0.73175208231035349105 -0.013333005627402208515 -0.032378615054741322066 0.99938674008017369665 0.12648186004904496404
1520530317.3997454643 1520530317.2997839451 0.99909743804198525297 -0.041991261389808909321 0.0064065017625989477412 0.78542390119916860591 0.041819021633436870289 0.99881254129216823223 0.024993534906118920758 0.61876042652618457041 -0.0074484043635923685017 -0.024703063056511716244 0.99966708455768549246 -0.015647044136616699433
1520530317.4997484684 1520530317.3997454643 0.99916673696032110019 -0.040274737362319124045 0.0066164403164373740418 0.80924745966978017808 0.040183976720678582506 0.99910349676158938248 0.013321065035382367164 0.58705928249533900765 -0.0071470110519533114335 -0.013044090200589525397 0.99988937985352277504 0.021907712205199811328
1520530317.5997524261 1520530317.4997484684 0.99992143831972501999 -0.0024412224028897422379 0.012294617594403107336 0.8829292573392224508 0.0022796656759666578118 0.99991110251258907837 0.013137358808541138577 0.4676563589890744832 -0.012325595848428461121 -0.013108299097829421986 0.99983811298716906979 -0.041634798324140874504
1520530317.6997554302 1520530317.5997524261 0.99904939658679348113 0.035870531452903864356 0.024771115292814116504 0.93557163564769629804 -0.036498715516059210273 0.99901108369438884615 0.025390912182118377527 0.30604542272389756441 -0.023835833218946306244 -0.02627088938442152799 0.99937064867130720458 -0.17618715560802128417
1520530317.8002386093 1520530317.6997554302 0.99912351290241474544 0.036352032392365535296 0.020754173230530470473 0.94964431104585589338 -0.037337240320361897439 0.99808879553335960733 0.049241107989428933855 0.20750866346952828723 -0.018924493409283260625 -0.049972852347164115061 0.99857126815139762854 0.23476762358411337739
1520530317.9002416134 1520530317.8002386093 0.99947642598531138969 0.015059714544439328776 0.028637019702972041357 0.93402984942483413544 -0.016408423189344323312 0.99873835232494068137 0.04746016480905097118 0.31954351335243957877 -0.02788615333938682106 -0.047905204238192063138 0.99846254504554610154 -0.15962513416689999568
1520530318.0002446175 1520530317.9002416134 0.99855165869386297572 0.0093064794713878101762 0.052990323263627389649 0.99803737908583334271 -0.011269100473097114212 0.99925690349853824035 0.036859845157575663044 0.061725917162810436944 -0.052607910947521319134 -0.037403612798255769789 0.99791451410197251626 0.010549933549104183184
1520530318.1002476215 1520530318.0002446175 0.99810012209017184848 0.0028837228873658596329 0.061545352593784408146 0.99073942111375834507 -0.0023621218971601881664 0.99996069113831997921 -0.0085461428911484740856 -0.019173554275845623024 -0.061567578023887514771 0.0083845286380256085074 0.99806769961550723114 0.13441642112333643255
1520530318.200769186 1520530318.1002476215 0.99870529101827454355 0.017330368206594309877 0.047826771058968653438 0.76845263935345164974 -0.013960970503975086987 0.9974558787008358518 -0.069906089489616740629 0.12210856555209421981 -0.04891659222278560426 0.069147873307622662042 0.99640641237516258677 0.62814810298967183044
1520530318.3007721901 1520530318.200769186 0.99923932462107778463 0.010504640369643936104 0.037555620904421146977 0.59799794341121759178 -0.0084182855713906823425 0.99843504280415362739 -0.055286506208169078347 -0.78711786819635509715 -0.038077612830253196319 0.054928297182525509523 0.99776398891209605591 0.15114205649646009211
1520530318.4007751942 1520530318.3007721901 0.99965846383063650116 0.012847642779253931611 0.022757279424144391533 0.34583170237782018264 -0.011634667311209434537 0.99854504933663257304 -0.052653764935278207782 -0.90902174046686445852 -0.023400645468220973577 0.052371008395091483978 0.99835348813501512133 0.23255087398040752422
1520530318.5007781982 1520530318.4007751942 0.9999584672524204354 0.0091129712658393445535 0.00013238164183673782962 0.026025632194371903921 -0.0090985378468293118259 0.99900795853316259887 -0.043592607130705798846 -0.99398202434823368367 -0.00052950848994376062406 0.043589592130578933005 0.99904938170174950596 0.1064067748852008527
1520530318.6005671024 1520530318.5007781982 0.99996228321508717762 0.006212876677750417409 -0.0060689628979446463841 -0.22425526696840311636 -0.0064502565239786813223 0.99918243459200106749 -0.039910607532044881096 -0.97427310814859691135 0.005816041441086389728 0.039948248599771016276 0.99918482329134972186 -0.022393882544200119367
1520530318.7005701065 1520530318.6005671024 0.99988613809629711682 0.012363422132429191524 -0.008651972956977258683 -0.48072903415144879746 -0.012734476942797667842 0.99894004065931352176 -0.044233790981131518305 -0.87153627258479127171 0.0080959211870086922325 0.044338932787612625464 0.9989837411586788285 -0.096561489698657188008
1520530318.8005731106 1520530318.7005701065 0.99984222979883352611 -0.0036736088862477367378 -0.017378725748665335704 -0.68074267932123488922 0.0030429460135403818555 0.99934074248449755729 -0.036177629691456089644 -0.70154700140670156472 0.017500171155023613867 0.036119039415304532437 0.99919425488803759183 -0.21076339665086910036
1520530318.9005761147 1520530318.8005731106 0.99915719393480073585 -0.030571614351238396434 -0.027391206696575548518 -0.86202686028970776366 0.029871586497590751907 0.99922557133584843925 -0.025611440972038726493 -0.40902524461753753116 0.028152977257340700001 0.024771636694138843282 0.99929664058628842049 -0.29934602286423128703
1520530318.9999554157 1520530318.9005761147 0.99784647208437526889 -0.030949780163256224164 -0.057831905178823576896 -0.87738137654298553603 0.03120126894873459511 0.9995071659843737244 0.0034505016844578913215 -0.47978968329400012438 0.057696611380175989725 -0.0052474997600595856689 0.9983203718153373929 0.0019441965381888498543
1520530319.0999593735 1520530318.9999554157 0.99921269462129935768 -0.0083113142095543324217 -0.038793207701239923457 -0.91676840890431443576 0.0093066875163989037922 0.99963025431829599654 0.025548781164887318651 0.27984906955324873046 0.038566520132280346367 -0.025889702733891122033 0.99892059084655848711 -0.28499154848035779253
1520530319.1999623775 1520530319.0999593735 0.99890698125393884155 -0.013680273831725153766 -0.044695558057058770718 -0.80327563090508913302 0.015723155113297582197 0.99883240336664314007 0.045679452471527826063 0.4384145422374541301 0.0440184642556517014 -0.046332279165873152538 0.9979557578930386974 -0.40316367637568051308
1520530319.2999653816 1520530319.1999623775 0.99926177536684535063 -0.012980165178223368461 -0.036158257737977456125 -0.78714127833638702914 0.015289590678202624741 0.99781066132030948879 0.064343706548659423961 0.52237602500643920411 0.035243903126540715443 -0.064849051399947704732 0.99727251432340857651 -0.32792056421857762594
1520530319.3998320103 1520530319.2999653816 0.99959184114183408099 -0.0027601753380930293957 -0.028434706869977594001 -0.71326951363171542386 0.0040866556120965902288 0.99890068948014199002 0.046698092059580004198 0.64352018173124125866 0.028274553375547434309 -0.04679523467405499737 0.99850425920133845104 -0.27771996080254490735
1520530319.4998350143 1520530319.3998320103 0.99939840015115555261 0.0096177657667829152821 -0.033321709994621473427 -0.73313747536454532128 -0.0084546868105049299835 0.99935604742611450213 0.034871316920783164417 0.67923959969657321523 0.033635636551827517715 -0.034568613719799627659 0.99883615017641624867 -0.03380840753628337747
1520530319.5998380184 1520530319.4998350143 0.99750680778511813251 0.030163685479724922089 -0.063799063477634337938 -0.71608797065691665029 -0.027232080803006764036 0.99855485702241308932 0.046331536690322444594 0.60506078399427842829 0.065104394609592330934 -0.044478642011963526182 0.99688668774705280207 -0.34802222048697983858
1520530319.6998410225 1520530319.5998380184 0.99619440354466970433 0.053817649669014699931 -0.068559251238494683944 -0.91878905735173022062 -0.050907246815844076071 0.99775495600769448235 0.043514365256941044124 0.35404933413201511438 0.070747173568352306194 -0.039858604418455699514 0.99669761165857240215 -0.17457301364012697831
1520530319.8003408909 1520530319.6998410225 0.994466655485715334 0.03322874761624866613 -0.099659025978139734181 -0.97432611172905392305 -0.032543381664688258992 0.99943421851438751791 0.0084953618146477241635 0.22028125279322935404 0.099884930980014774438 -0.0052051123322161829687 0.9949853804798977075 0.046527386244972782081
1520530319.900343895 1520530319.8003408909 0.99562213630759499594 0.023349315889679533864 -0.090506193941543466863 -0.86744330286485338277 -0.026450436533487220458 0.99909808155367829663 -0.033217432816931458106 -0.34371641694116472632 0.089648960403834521138 0.035465939762585524386 0.99534176593533341126 0.35972370097067707384
1520530320.000346899 1520530319.900343895 0.99898588824434320088 -0.0080933520339980802305 -0.04429100068315203198 -0.7017958862233890649 0.0048173142263104873351 0.99727775107938931853 -0.073579077771338680103 -0.6584351961797368924 0.044765930933090419819 0.073291096695911051029 0.99630538820825620405 0.27192945135030799353
1520530320.1003499031 1520530320.000346899 0.9992580440501042105 -0.032182525516243232211 -0.021157657066804919088 -0.5981110898969189682 0.03029093914908226326 0.99597602717219579915 -0.084345790077250709649 -0.71897464026143953486 0.023786979771016930618 0.083642323913706406735 0.99621189575495805446 0.35403190647631310739
1520530320.2004013062 1520530320.1003499031 0.99938687325536834649 -0.0078980404121299918607 -0.034110094143920549614 -0.5084841833799077504 0.0052878301066840993627 0.9970978968891837102 -0.075946184051144782767 -0.75055198695930658292 0.034610929164378273493 0.075719251031794276852 0.99652831299745969762 0.42203738000786844564
1520530320.3004043102 1520530320.2004013062 0.99978717950905582335 -0.0077623810944892901453 -0.01911389884536604522 -0.5242204994057942935 0.0072081220319566985388 0.99955638176005778828 -0.028897796793413671468 -0.79952977600221963872 0.019329735282703264243 0.028753871434729183498 0.99939960787035275747 0.29316378577269636141
1520530320.4004073143 1520530320.3004043102 0.99999346013256784627 0.0015637387254928136748 -0.0032610448162172789299 -0.5239108312125366762 -0.0015987211752015451083 0.99994091214556357627 -0.010752502411203179733 -0.80587217406992739388 0.0032440380236588295393 0.010757645592663594991 0.99993687264676989201 0.27583959106335259603
1520530320.5004103184 1520530320.4004073143 0.99998121312347809653 0.0048896852957566738773 0.0036965359196747538117 -0.5961637966382968834 -0.0047679813435735907134 0.99946861816911258813 -0.032245118220158269784 -0.72364937316484889696 -0.003852240128070866243 0.032226887420803013162 0.99947315520386181831 0.34773598073241240858
1520530320.5998692513
1520530320.699873209 1520530320.5998692513 0.99971323946750056955 -0.015409855868377564381 0.018329625623881518059 -0.92391177210606811876 0.015733761566514681274 0.99972024388734814782 -0.017660201266994399183 -0.29459294568455263175 -0.018052356642940359244 0.017943530977446026098 0.9996760185758665207 0.24413527749328511884
1520530320.7998762131 1520530320.699873209 0.99945541539049698176 -0.018259654595726815263 0.027485590054675268501 -0.87020561685656716566 0.018031655957825021286 0.99980111175545260949 0.0085203471748553638587 0.33320311897183568783 -0.027635702090367586514 -0.0080200964212525371888 0.99958588726700525751 0.36292956051928632055
1520530320.8998792171 1520530320.7998762131 0.99919125342997328065 -0.035350828438345971438 0.0191613673249432237 -0.72291137697331775414 0.034818750636768813767 0.99901728341394635535 0.027424843560414052801 0.64886750891607536396 -0.020112028071114423922 -0.026735488941504376159 0.99944020329278604464 0.23742387604364573184
1520530320.9998822212 1520530320.8998792171 0.99953534558774770336 -0.016965622300102956022 0.025323123439899217213 -0.64159622672688432221 0.01662541717785281925 0.99976949246522828219 0.013585191919221183479 0.76701857875581935797 -0.025547767504118232273 -0.013157872008420092025 0.99958700570774017269 0.0060647912764641206257
1520530321.0997421741 1520530320.9998822212 0.99966315692711349428 0.0089625940079894328427 0.02435661288366744448 -0.55746311176508189789 -0.0089488496290218155771 0.99995973160884465969 -0.00067323924769938092716 0.81894695157432950694 -0.024361666052099925639 0.00045504880555417848154 0.99970310700615039323 -0.13623791516426225767
1520530321.1997451782 1520530321.0997421741 0.99994639290182674163 0.0085348774313379061063 0.0058623536107762497238 -0.29717410994327830842 -0.0086272867977373879356 0.99983599959977664806 0.015923059593711708093 0.76205551365953638765 -0.0057254908204736054689 -0.015972782210602831654 0.99985603412857226857 -0.57529031147805720359
1520530321.299749136 1520530321.1997451782 0.99965519608568975674 0.025828352935042320215 -0.0047312919529085423198 -0.19293194424336460036 -0.025638405881876963344 0.99900221215756990212 0.03656845974494815632 0.73436137865134643032 0.005671074211902327189 -0.036434548013453693649 0.99931995008022256322 -0.65076157725834538059
1520530321.399750948 1520530321.299749136 0.99988257136803748715 0.015263105956588529644 -0.0013715214176950318858 -0.338961280117885011 -0.015189880123556959157 0.99895631658772854333 0.043076038482088629955 0.42658933010759575444 0.002027564123084024672 -0.043050146875897588039 0.99907085526387495733 -0.83852656130810643287
1520530321.4998574257 1520530321.399750948 0.99998488930993645329 -0.0045360127436653852051 0.0031057591959817998362 -0.23640959928276242263 0.0044013009487339216363 0.99910421563694895575 0.042087941817524787691 0.53675091140349084906 -0.0032938885458974331844 -0.042073636458784757775 0.99910908283999766422 -0.80994380081243033676
1520530321.5998604298 1520530321.4998574257 0.9999921621570316832 0.0015052868325720891729 0.003661930645927097272 -0.19879726103493627898 -0.0017125432669758966497 0.99835730530593291832 0.057269172665884326978 0.47099949474827518259 -0.0035697086803599120675 -0.057274995013773755126 0.9983520582069781435 -0.85944117015178878027
1520530321.6998634338 1520530321.5998604298 0.99986866225420478749 -0.014525492617436991383 -0.0071880669311955580625 -0.22214928725475252547 0.01506485160849854732 0.99653861337760285544 0.081754769239834657046 0.32156793329770888556 0.0059756579554455790948 -0.081852318914405086669 0.99662655463334626216 -0.92045845014690685915
1520530321.7998673916 1520530321.6998634338 0.99985442227601573073 -0.016556871478685647459 -0.0041236224285642053555 -0.21621720238726446772 0.016752468236125566542 0.99845065561364343409 0.053062633864931846306 0.01255647780562995329 0.0032386823080808591069 -0.053123989981217548118 0.99858267190322458351 -0.97626454214876701165
1520530321.9001541138 1520530321.7998673916 0.99992509144053531855 -0.011752138345725166024 -0.0034203438336584957025 -0.24858984016010254869 0.011695870897809074185 0.99980309679544054902 -0.016030416157687910061 -0.40528485509892686611 0.003608062025421576724 0.015989211442401229935 0.9998656544785757827 -0.87974273375607725534
1520530322.0001571178 1520530321.9001541138 0.99997793906211773773 -0.00023556268083115266404 -0.0066382150690360653203 0.0059192410858743896296 -0.00021488364527259698825 0.99770065997757506615 -0.067774234819212519909 -0.74813351012333506596 0.006638916635895751768 0.0677741660998804063 0.99767859914672274435 -0.66352182602797982192
1520530322.1001601219 1520530322.0001571178 0.99996505431532911601 0.0043492195920866588699 0.0071396384418956695961 0.094868496837368587737 -0.0037105618412904411985 0.99618840678653741705 -0.087148665594615148944 -0.74868505896773718256 -0.0074914537282922827321 0.087119128054864491961 0.99616973234885886068 -0.65610262214557102389
1520530322.200163126 1520530322.1001601219 0.99978293984162081021 0.011970789402470538576 0.017052079132112388238 0.19191142902249458402 -0.010951581815900252037 0.99821802129191194997 -0.05865871481536166776 -0.77658224057699487552 -0.01772388381184469841 0.058459235105687012979 0.99813244700965531031 -0.60007501783606931323
1520530322.3002076149 1520530322.200163126 0.99949616697760834683 0.016131395926590019752 0.027334781186768353223 0.45389427369500662257 -0.015500480064621846577 0.99961211204655575635 -0.023137860047764913229 -0.5947532544822073941 -0.027697424335760445491 0.022702500198948982746 0.99935851883589887912 -0.66351228669083817113
1520530322.4002115726 1520530322.3002076149 0.99966862602441686203 0.017052861983641032229 0.019283102463591328402 0.71587917198277284392 -0.016941523579941261679 0.99983894089696967455 -0.0059225876790986592413 -0.18357118564135857519 -0.019380993814682501153 0.0055939399525922889334 0.99979652175558297866 -0.67366061998864446014
1520530322.5002145767 1520530322.4002115726 0.99977457963682581088 -0.0032444762234100643639 0.020982451859673234562 0.83492965791082607296 0.0036296331431054096317 0.99982514297366364975 -0.01834418820606627254 0.25187901798761286321 -0.020919265648063456453 0.018416211655192166186 0.99961153828525628473 -0.48933569932972009742
1520530322.6002175808 1520530322.5002145767 0.99947082265948949953 -0.015876764260054354594 0.028390192126744651091 0.75516932959915683554 0.016105070356447870328 0.99983963652849650039 -0.0078312154470110140192 0.49190193410933791274 -0.028261305015456594791 0.0082842973868821334626 0.99956624045414266266 -0.43330332430325529947
1520530322.7000255585 1520530322.6002175808 0.99986498505383247792 -0.0079456264848150603974 0.014383277897016127911 0.73925244860948580161 0.0075953065845533740408 0.99967709718404929031 0.024248972835131527015 0.61926817800028244321 -0.014571306776868964139 -0.024136453456050976918 0.99960247530374679581 -0.26459920812634624143
1520530322.8000285625 1520530322.7000255585 0.99988484626280527134 0.0041617613877998893557 0.014593627244704976409 0.68100429974429810276 -0.004581170921848898292 0.99957398792237017737 0.028824564904850885627 0.68343959973895507254 -0.014467449222001077525 -0.028888101549256695044 0.99947794898231190341 -0.2629514351328683941
1520530322.9000654221 1520530322.8000285625 0.99967459987819562439 0.013627299796962866196 0.021563651328412342112 0.7873826561455132822 -0.014324221547742321814 0.99936902324799403718 0.032501877628863390379 0.61433342449392103202 -0.021107132335323068595 -0.032800184032930487787 0.99923902890749072281 -0.051215196483156505414
1520530323.0000345707 1520530322.9000654221 0.99963178429684207416 0.0237564838266549061 0.01311202881728361358 0.80027402389160795515 -0.024244719424721450363 0.99896728740564011417 0.038425932304020193886 0.59700510882051405215 -0.01218562282068171021 -0.038729680732101395835 0.99917542124837210871 0.056092661966964017795
1520530323.1000742912 1520530323.0000345707 0.99979083255235723371 0.018545431034969972472 0.0086231161416241430828 0.78747185380529993726 -0.019036077259244998938 0.99796798001118003363 0.060807389641265405245 0.60630285915098625082 -0.0074778945462498636054 -0.06095882101986364876 0.99811226985395939959 0.11083736937415769597
1520530323.2000772953 1520530323.1000742912 0.99993828904482229269 0.0014284465642441235289 0.011017152196744456338 0.8141820975593700993 -0.0022289130349456010016 0.99733017742612395384 0.072990061938998596069 0.52385178605662707785 -0.01088347595190877759 -0.073010113926697317588 0.99727181511141416159 0.25037335772622792973
1520530323.3000802994 1520530323.2000772953 0.99985963368942443186 -0.0087057223332106387081 0.01431514293003488536 0.9461129695636086856 0.0077428668670795064433 0.99779002709182096353 0.065993256085618956508 -0.048013964531466356289 -0.014858025815328690378 -0.065873152609848828476 0.99771737823599671025 0.32025756514640102424
1520530323.4000842571 1520530323.3000802994 0.99950076024312484169 -0.016608735580095346229 0.026877131094034334424 0.7438760302468788721 0.016871142518642190389 0.99981190987546086912 -0.009566055681375668085 -0.47722296012016207634 -0.026713195681743184817 0.010014727835242737131 0.99959297236567978828 0.46787466052169812691
1520530323.5003449917 1520530323.4000842571 0.99977050858713178982 -0.010841261117905454103 0.018476937430250500727 0.51468455845590066478 0.012338507735532133758 0.99647759321489370876 -0.08294677478668560644 -0.74465354219074075814 -0.017512606496127708366 0.083155717049558985909 0.99638267514830136662 0.42495988915406751607
1520530323.6003479958 1520530323.5003449917 0.99982491660183758775 0.017955237829888115453 0.0052674070093139957471 0.54518895934407674009 -0.017471268733153411112 0.99657762957864992615 -0.080794696560191725521 -0.71954399973377025646 -0.0067000679834998133622 0.080688522466777323761 0.99671684616602307383 0.43014582533886214222
1520530323.7003509998 1520530323.6003479958 0.99975867625925429749 0.021500038933279397302 0.0045097195268890000186 0.4978519744545048531 -0.021258084964062839983 0.99861266363264244994 -0.048175116566330777879 -0.67330033496253949288 -0.0055392299107742126729 0.048067622766123363487 0.99882872434347247381 0.54663522615276316508
1520530323.8003540039 1520530323.7003509998 0.99998332451176796809 0.0019723873339811404115 0.0054277423112076284006 0.53890421189736004148 -0.0017170014357834051388 0.99890931196400134517 -0.046660887021947317077 -0.6544733140351951528 -0.0055138556801607729874 0.046650789487533705913 0.99889604125540931712 0.53032719298096897553
1520530323.9001529217 1520530323.8003540039 0.99987079430854319817 -0.014295684341470105139 0.0073503808072546972241 0.53448143176284435008 0.014539501574669821959 0.9993070935616902295 -0.034262744362458408265 -0.59962078245185268521 -0.0068554783029911581238 0.034365188294203541375 0.99938582952268273374 0.59563790708161534759
1520530324.0001559258 1520530323.9001529217 0.99987909123117413301 -0.01325765910136453285 0.0081263395125753534742 0.61567259342637914443 0.013445261395008262229 0.99963381826549624343 -0.023483064662961794511 -0.34675359878634703925 -0.0078120333295206290103 0.023589486113456098471 0.99969120646335629665 0.70760808321581036839
1520530324.1001589298 1520530324.0001559258 0.99996112011335325231 -0.008759837701915240693 -0.0010116842805747983114 0.65722226633042268862 0.0087452217977606050425 0.99986864734375135999 -0.013645847525329768413 -0.22066550850224719849 0.0011310868027840648153 0.01363646957290182149 0.99990637928769698917 0.72067026162937153355
1520530324.2001619339 1520530324.1001589298 0.99990676086138241541 0.013230126366853722786 0.0033813222288039956887 0.6727182698778289005 -0.013134578588303066904 0.99955265933684389612 -0.026869388864479079593 0.10487226625872553276 -0.0037352950359530456836 0.026822471343259532417 0.99963323404238313419 0.73242879322316323254
1520530324.2999079227 1520530324.2001619339 0.999712148836681469 0.015880243410832689532 0.017984363696213589989 0.5661070821096924055 -0.015605508454951316777 0.99976093085201278576 -0.015315000743683665485 0.26480910176580191306 -0.018223270129354540714 0.015029937163185125293 0.99972096777784125177 0.7806400650794442786
1520530324.3999109268 1520530324.2999079227 0.99986693825668060409 0.015074429565203689707 0.0062343688128868590681 0.5582969941881631426 -0.01534657955873494628 0.99881470600746102839 0.046191617844327292897 0.43391282140154430191 -0.0055306669632882998755 -0.046281147744115791465 0.99891314291405142178 0.70712384325789312545
1520530324.4999938011 1520530324.3999109268 0.99991470690907413577 -0.0065515842711084126826 0.01129848000746069836 0.55364001373820104224 0.0058247880977567723093 0.99798377383768321902 0.063201732573657964931 0.64908998069718160107 -0.011689771193511777625 -0.06313053065066492886 0.99793681430700265089 0.52169428993089139723
1520530324.599916935 1520530324.4999938011 0.99996591918755373118 -0.0054672171519992707189 0.0061862751315306385713 0.55636228018234834547 0.0053133864448109413559 0.99968287330898975007 0.024615457281359831576 0.56738996343253012 -0.0063188913488214093483 -0.024581748296149064092 0.99967785274198517342 0.60706642353726847361
1520530324.7000176907 1520530324.599916935 0.99998550985103062949 -0.0053593598807445963494 -0.000507296405554247265 0.76280574510823984102 0.0053637809193537999697 0.99994369202159305576 0.0091565626997478777316 0.50213588402324715876 0.00045819452594053622363 -0.0091591510465709458089 0.99995794912080315786 0.40741495947750305806
1520530324.8000206947 1520530324.7000176907 0.99983651358399838749 0.010548638394130838147 0.014685786741780837428 0.57398878549454790399 -0.010483613262876279038 0.99993493003517852635 -0.0044977270367445032484 0.46586550404894655486 -0.014732276034260249897 0.0043430316108094002558 0.99988204210260622773 0.67342869426815710199
1520530324.9000236988 1520530324.8000206947 0.99963045997656752029 0.0055958313498037648426 0.026601318736871604198 0.67068881883132647204 -0.0052793674228881204424 0.99991463614353248701 -0.011951933130745967526 0.34575837480102039612 -0.026665928947820993766 0.011807078277551369405 0.99957467011519351985 0.65622226002292638469
1520530325.0000276566 1520530324.9000236988 0.99979997823389554767 -0.0028442231103871784548 0.019796815865186945249 0.79672844797570285813 0.0030987668903811327326 0.99991277458457661353 -0.012839036814855930846 0.36597209688569315444 -0.019758571994475171429 0.012897814445575334075 0.99972158384985698731 0.48092432303566917673
1520530325.100815773 1520530325.0000276566 0.99998535591531001465 -0.0053601424322005652989 0.00074620911091272112969 0.89392019112296428052 0.0053598397372320027987 0.99998555310809744689 0.0004070541526379756192 0.084378312069723751532 -0.00074838019874612360383 -0.00040304863045742544969 0.99999963873937436354 0.44021244002747944579
1520530325.2008187771 1520530325.100815773 0.99974343308402580099 0.01601257622640614442 -0.016020780504066217675 0.95312841664957670407 -0.015800804878790125629 0.99978724491607640079 0.013258939184702868419 0.23214526623904049862 0.016229681775941917632 -0.013002396152816411701 0.99978374417857840406 -0.19404843915341307703
1520530325.3008217812 1520530325.2008187771 0.99902503943363729633 -0.003308657424910321776 -0.044022986843972322646 0.85890296215475114838 0.0051486349932428621123 0.99911489236405381931 0.041748334267025885569 0.26568465000648550101 0.043845890826009426 -0.041934289577976152641 0.99815782981213152514 -0.43783258027781091215
1520530325.4008247852 1520530325.3008217812 0.99910150579536360915 -0.00076649213856389009081 -0.042374445214519773639 0.73497695465573897877 0.0017410681230698998867 0.99973470700640865161 0.022967026115735533764 -0.40191815916960305088 0.042345599526133093082 -0.023020167171668548534 0.99883778568101888595 -0.54614162032818325265
1520530325.5008277893 1520530325.4008247852 0.99948580376894802235 0.009394704611484561152 -0.030657259981982321051 0.48963177378911210136 -0.0096584044659678292 0.99991752757887286673 -0.0084648250853602280408 -0.73806119019414828664 0.030575207072261578745 0.0087565727209293342526 0.999494111611805236 -0.46424821553273148966
1520530325.6009147167 1520530325.5008277893 0.99992352875160106507 -0.012293636322087519996 -0.0013428160430828395278 0.35726598027181100115 0.012266802946152621789 0.99975478084440605464 -0.018436478086514274111 -0.73289939105337986724 0.0015691381155231165501 0.01841859616622543161 0.99982913196247702459 -0.57898143487853437339
1520530325.7009177208 1520530325.6009147167 0.99969286387528910609 -0.02242399964681154878 0.010551879295311955564 0.30433990436085234244 0.022714793893213541809 0.99934144586733286708 -0.028296867497616062792 -0.71266305104839045015 -0.0099104013648221578325 0.028527860270770477591 0.99954386853862486895 -0.63205110417119481081
1520530325.8009207249 1520530325.7009177208 0.99975521599195460443 -0.019355160741262616986 0.010718481681654984383 0.23921464070882195174 0.019710219791440636294 0.99922488611750637233 -0.034075419281782537428 -0.49412260684424680335 -0.010050638420179586197 0.034278341793851085928 0.99936178631725303134 -0.83583443640232690797
1520530325.9009237289 1520530325.8009207249 0.99973260032714639234 -0.0065106948581486259742 0.022188706487460102545 0.1579750621821006118 0.006647924621669947659 0.99995919577853631388 -0.0061165248440061825708 -0.14927889847838460291 -0.022147978267714890643 0.0062623981354448798875 0.99973508962536949962 -0.97609409904867316943
1520530326.0005431175 1520530325.9009237289 0.99964807662122390219 -0.0045963378733222121086 0.026126549440007057479 0.13310196969752838281 0.0043715620065444826814 0.99995299804973392099 0.0086539665456000225419 0.29054167849685863523 -0.026165097995417746501 -0.0085367071815609096852 0.99962118438805880327 -0.94755970720523263751
