1520430766.9282231331
1520430767.0282251835 1520430766.9282231331 0.99720865255182500331 0.018655854540311045398 0.072297042589195198437 0.28263554912203392444 -0.015749790280698054701 0.99905297146535143593 -0.04055988550729705544 0.20512455801958451307 -0.072985254551088368791 0.039308005515693467125 0.99655809329937738994 0.93703845282344533363
1520430767.1282291412 1520430767.0282251835 0.99832545639297531892 0.018489810400174361282 0.05481249884035072073 0.34811102322023707023 -0.017440051481505673692 0.9996563960720398212 -0.019568709630018582546 0.21255639590472275025 -0.055155486781282958564 0.018580008170804268586 0.99830489109003828219 0.91303805729693165993
1520430767.2282321453 1520430767.1282291412 0.99891825706860970513 0.026070373427813139933 0.038505211651743087575 0.40798273557095698916 -0.027409420021335922923 0.99902297706836507007 0.034667203284303060862 0.24101801413380494199 -0.037563804241652232196 -0.035685107801372351055 0.99865686484002069712 0.88060229635121622938
1520430767.3277778625 1520430767.2282321453 0.99948391060637153949 0.0005248249964498880038 0.032119106427747401433 0.37020629273712235552 -3.720346501750321222e-05 0.99988477069316583634 -0.015180380488549943818 -0.15144829897338371594 -0.032123372408513317655 0.015171351113136138933 0.99936876029346943806 0.9165209836964481882
1520430767.4277808666 1520430767.3277778625 0.9994193067740562153 0.019135666499476136626 0.028193536757304515916 0.43812075063606514824 -0.019312381448677237716 0.99979544104352624512 0.0060089925412982192476 0.1606480970393218688 -0.028072783439577697617 -0.0065499874962790527455 0.99958442189429574931 0.88444468271324683251
1520430767.5277838707 1520430767.4277808666 0.99926197990320009268 0.012475332027974475602 0.036329899679578891991 0.45298086008420862525 -0.012524028963531066982 0.99992095168951933282 0.0011131355925746710955 0.2033230615172606226 -0.036313141126279979698 -0.0015673107919662310206 0.99933923135160873663 0.86802538733185596875
1520430767.6277868748 1520430767.5277838707 0.99882847407750030566 0.0042095526141516237395 0.048207458331679664543 0.52819781539249488489 -0.0032200141650668978599 0.99978290127899305251 -0.020585961695664650728 0.20469794580726805022 -0.048283650243003739533 0.020406616009208788931 0.99862518451231907513 0.8240787697768215958
1520430767.7277712822 1520430767.6277868748 0.99854642280005667665 0.022029521199483564908 0.049190870178637435828 0.50351580388144412392 -0.021368046108678373507 0.99967458890183058529 -0.013932799770802167805 0.3013023632349959291 -0.049481795831471497848 0.012861434588620823671 0.99869221253678275296 0.8097460843688156773
1520430767.8277742863 1520430767.7277712822 0.99801540888606399271 0.044790392678449683639 0.044261318887858613902 0.47465718879977286671 -0.045424917629287589471 0.99887740700178384579 0.013435127084087283844 0.13475609874660271492 -0.043609866823401954861 -0.01541903061490620952 0.99892964367393866087 0.86979385314641843863
1520430767.927778244 1520430767.8277742863 0.99903816949088908306 0.022131348008378209924 0.037854185179776622672 0.54319164391762986277 -0.020761549247952287844 0.99912872281360620708 -0.036204327388812532207 -0.13925402324421948252 -0.038622454260670846526 0.035383593432317131389 0.99862721139707510964 0.82798016581821620719
1520430768.0277812481 1520430767.927778244 0.99836404000520539981 -0.0066812511690392886732 0.056785601232185622944 0.56036613999354600857 0.005720503845954780231 0.99983802449261927059 0.017064601209668378567 0.11295571356854447465 -0.056890416242395547286 -0.016711841954518621978 0.99824054960628305633 0.82050642649582872235
1520430768.1281347275 1520430768.0277812481 0.99892944478692946575 -0.00074950414142133103823 0.046253676407598587339 0.61149773385700845196 0.00063411212615763212774 0.9999966504346867735 0.0025093866219464688871 0.29977435460703349968 -0.046255402273553958281 -0.002477370167927317457 0.9989265740771751112 0.7322607853816011092
1520430768.2281386852 1520430768.1281347275 0.99963945398040188195 0.0122794384374167731 0.023878388501446079495 0.53058043217041483963 -0.011714990275036696321 0.99965197991083032392 -0.023636371616914064742 0.26856393342452333783 -0.024160319712704270145 0.023348114528131846956 0.99943541287036707921 0.80396381676130468374
1520430768.3281416893 1520430768.2281386852 0.99993127693871375339 -0.011173504274672299563 0.0035488310663320254967 0.51598448418913844815 0.011137067859096377864 0.99988670722499795041 0.010126126320218392651 0.25095471133609292824 -0.0036615733251373905333 -0.010085906849412323849 0.99994243202486898792 0.8190126646971259694
1520430768.4281446934 1520430768.3281416893 0.99996163974365337435 3.1950233069774625072e-05 -0.0087588823697012374581 0.58199770291522012755 0.00022965527533863605569 0.99955392039531176795 0.029864820120290042071 0.22609518977643996984 0.0087559293988801467634 -0.029865686021676829398 0.99951556991315348988 0.78112715927777243152
1520430768.5283234119 1520430768.4281446934 0.99999068498196730381 -6.7632943328899131075e-05 -0.0043157125808374052767 0.49639650657430495206 -3.3439846252959759543e-05 0.99972582247004682099 -0.023415353261584281874 0.059057002719701129356 0.0043161129586822277737 0.023415279463911559121 0.99971650774434761555 0.86608474105631871875
1520430768.6283254623 1520430768.5283234119 0.99996638479088062468 -0.00096007215425372716133 0.0081429447815031807956 0.58428997023975015601 0.00085378420654165509962 0.99991453003936914268 0.013046212809703264246 0.13510877125145215327 -0.0081547741099703974221 -0.013038821940882031059 0.99988173739778307691 0.80021925158556028723
1520430768.7283322811 1520430768.6283254623 0.99996893814883502927 0.00011057411193103605651 0.0078810221962196114198 0.62778520350434185993 -3.1653572214809799767e-05 0.99994986395990848038 -0.010013419226833547571 0.17439780549134642484 -0.0078817342979131677083 0.010012858728990603474 0.99991880716612713265 0.75859814374991374475
1520430768.8283324242 1520430768.7283322811 0.99963561755923557861 -0.0015966580412751230078 0.026945923440563457341 0.59098221314465948506 0.0021801665110315893159 0.99976346516833747291 -0.021639329670363249836 0.21608838362407839506 -0.026904999181372346584 0.021690191278495418725 0.99940264989710358989 0.77720385627541321849
1520430768.9283432961 1520430768.8283324242 0.99918863464631124671 0.0093284823043995185321 0.039179737257122093652 0.6236725440373194207 -0.0090820585891581984139 0.99993787191844196727 -0.0064628565666367682185 0.12541355058765393804 -0.039237591738328081448 0.0061017801594556858591 0.99921127879616222778 0.77155945924019087023
1520430769.0279479027 1520430768.9283432961 0.99953451326232733987 0.017233302601539393639 0.025174790543039504698 0.68784042925850252814 -0.017335356797899527381 0.99984235283778710723 0.0038412076860502228359 0.039634321075679615487 -0.025104625114342304926 -0.0042758336311917929939 0.99967568493218161851 0.72477904527541914259
1520430769.1279509068 1520430769.0279479027 0.99967064612193490269 -0.0066944814872466062994 0.024774648327885340215 0.70083593159151413854 0.0067118127156994104865 0.99997728551188946877 -0.0006164660108964829105 -0.0054744407580778475797 -0.024769958664132951665 0.00078254577509898493731 0.99969287122090011444 0.71330149830814248979
1520430769.2279539108 1520430769.1279509068 0.99974346693479831938 -0.018672629963808605458 0.012819251593771396891 0.61597330344539713565 0.018814538153455233338 0.99976203703733312889 -0.011040038633731916184 -0.098708293419006318259 -0.012610054530489356317 0.011278394796990942606 0.99985688192637900418 0.78155841896359334875
1520430769.3279569149 1520430769.2279539108 0.99988876324349829083 0.011302296683683439593 -0.0097323804417129844424 0.66588878612609370133 -0.011768231428181279152 0.998718197577290967 -0.049228757419007125595 0.048583043178465859513 0.0091635074311656183887 0.049337814277089483972 0.99874011144737628864 0.74446746901865146206
1520430769.427656889 1520430769.3279569149 0.99904708747581727479 0.02421969879796745384 -0.036308720663531801609 0.59077894652833407019 -0.025486318658458906317 0.99906796155889654454 -0.034837562311268076287 -0.065604523947701692821 0.035431124274091896353 0.035729740786741431835 0.99873320814719379612 0.80416185110739180075
1520430769.5276608467 1520430769.427656889 0.99992066636914811451 -0.0033623353915679388138 -0.012139014317220309103 0.73618697254025478038 0.0038106979115666295144 0.99930416257020293624 0.037103493788219726879 0.37111146976250025675 0.012005813146382715573 -0.037146808349847348918 0.99923769698711528697 0.56595496152320401428
1520430769.6276638508 1520430769.5276608467 0.9996181106201958988 -0.023349490593028043861 -0.014779519923062062192 0.81867261326096429919 0.023967943287946047448 0.99878098680895188721 0.043151802783689852117 0.54363973043907565241 0.013753930880148479421 -0.043489558263826291751 0.99895920222367518004 0.18501620411356770046
1520430769.7276668549 1520430769.6276638508 0.99997708393333595289 -0.0050237036722402539368 0.0045380623172805445442 0.82713080505898139982 0.004631267646916847891 0.99656403512793301225 0.082696283166264095144 0.51032426673921660321 -0.0049379113159941645517 -0.082673371111536511635 0.99656446391635378212 0.23542254373692031444
1520430769.8275010586 1520430769.7276668549 0.99929287802153354825 -0.020245697631367687297 0.031683681333759178278 0.80234333711333516437 0.018372570721905401303 0.99812807351821342117 0.058333502379753904288 0.54062129934797853448 -0.032805374262589365175 -0.05771014280210531866 0.9977942407316510165 0.25293038583993859847
1520430769.9275040627 1520430769.8275010586 0.9982305775041016016 -0.0091635544126268397847 0.058751539608378235136 0.98091346471847873367 0.0071320374731328461948 0.99937249761991031605 0.034695029073686982357 0.19248589739564361811 -0.059032602664204465726 -0.034214620726656791438 0.99766954025429732678 0.02753096507178811464
1520430770.0275080204 1520430769.9275040627 0.9940018242928848613 0.046199968321705198182 0.099125860548545649542 0.98883183736072055581 -0.049245052447277282148 0.99838018300975206465 0.0284944728478838602 0.11801156602675855201 -0.097648851052540217021 -0.033205016194655441464 0.99466684311262276719 0.091021248649602537473
1520430770.1275110245 1520430770.0275080204 0.98969729418705720825 0.064531868767505745632 0.12780807404929944715 0.98609393715305959649 -0.069683808729505081203 0.99691017723756414348 0.036252797424730587306 -0.091168556987133428371 -0.12507370898701108963 -0.044785448904105198964 0.99113613135970879409 0.13894977987338461012
1520430770.2276017666 1520430770.1275110245 0.99292746322843239426 0.041979321977225120266 0.11105309222656734036 0.94251141680789629618 -0.038639850397900132872 0.99873892220813564879 -0.032055065555368369989 -0.30696236412150523787 -0.11225869555619245876 0.027537280055654235478 0.99329737917662819235 0.13208457971961945487
1520430770.3276059628 1520430770.2276017666 0.9979357111616755649 0.044841721008739343635 0.045973214432048492561 0.76618341272599277403 -0.042483176349051965381 0.99779177934394391869 -0.051056290512940250004 -0.5734086893439332977 -0.048161147365236661733 0.048997807406258697682 0.99763706765228143958 0.29011282813488792343
1520430770.4276089668 1520430770.3276059628 0.99895431824601055304 0.043930370713010369332 0.012664619483657435506 0.52869589052221266368 -0.042860796648585386404 0.996260414403951855 -0.075020922430443393036 -0.59460364847761337792 -0.015912955988658272766 0.074399658740369523091 0.99710153375221510785 0.60574512508317857051
1520430770.5276119709 1520430770.4276089668 0.99901554312615115094 0.029369136503316878306 -0.033247532440932259235 0.26761070331568481695 -0.033047201589732594362 0.99268661247334644138 -0.11610844880231552256 -0.57115960874167737149 0.029594375469823158697 0.11709288294871678104 0.9926799230886607095 0.77599047211479266206
1520430770.6277694702 1520430770.5276119709 0.99660418298035491347 -0.018732880867733676944 -0.080182177823093350733 -0.12832001899744999163 0.0088028741161975190832 0.99243580847063206374 -0.12244866464170628406 -0.58315642084648355858 0.081869480719943599212 0.12132701776454396514 0.98923058125343499292 0.80216118177708728432
1520430770.7278375626 1520430770.6277694702 0.99376706852658613922 -0.046762004767272158379 -0.10119450786589737068 -0.31448365201208472453 0.034359849517993992785 0.99205722339253787911 -0.1210035795164299266 -0.41896634390347958776 0.10604911245822079557 0.11677234443494644012 0.98748053414838987685 0.85180234520297781753
1520430770.8277754784 1520430770.7278375626 0.99369366792631996788 -0.075832962349794960644 -0.082596949970267452557 -0.54969478498896395813 0.067791206690591396256 0.99305461684558027358 -0.096160700169618154587 0.079280689554549227394 0.089315433260830467965 0.089954931954464065202 0.99193289268906581491 0.83159498292118838592
1520430770.9277784824 1520430770.8277754784 0.9917579843089845415 -0.10043583979659043148 -0.079553394922746351048 -0.59464315912062326586 0.099580070126237318906 0.99492151547680585111 -0.014662458013234291876 0.66987070879914312194 0.08062202052190503565 0.0066196771590330549806 0.99672276470504872492 0.44460403372436785308
1520430771.0275917053 1520430770.9277784824 0.99392991087097026792 -0.087903352773774534601 -0.066153857386813508246 -0.69957697406992092048 0.091856054170684764415 0.99400581858349112974 0.059286574655286861102 0.6901313368844850249 0.060545830477562692651 -0.06500333217069703684 0.99604656980408734501 -0.18523173378556651025
1520430771.1275956631
1520430771.2275986671 1520430771.1275956631 0.99931838859467858605 -0.031361803008253599789 -0.019472943501345423012 -0.15944218065147883201 0.032470098633785443587 0.99770125110479135344 0.059480301265598889415 0.91019649465848884162 0.017562770602822089239 -0.060072047210042944787 0.9980395273899465014 -0.38225715446607499981
1520430771.3276016712 1520430771.2275986671 0.99991116214080533187 -0.0091149401024283316364 -0.0097255176290561712316 0.2234925321408241794 0.0097282899904838904259 0.99783759350500200735 0.065003825749011867607 0.91327683017021987766 0.0091119811284367524529 -0.065092663604096046015 0.99783762052993318914 -0.34055325508871420181
1520430771.4274377823 1520430771.3276016712 0.99973242228163794465 0.0096866503007686510784 0.021006014492041452657 0.40620095345656193064 -0.011097546287161919043 0.99761509138332105096 0.068124693838960581616 0.6924511182066499515 -0.020296016981012382496 -0.068339580406953204239 0.99745564986344548153 -0.59624846692074595644
1520430771.5274407864 1520430771.4274377823 0.99712488973078627907 -0.015878966135902672363 0.074093270367977415169 0.61785002344864548007 0.0082044745893400661263 0.99467280883400366331 0.10275548629142142176 0.32430661872101529397 -0.075330212239712979194 -0.10185215658359189628 0.9919432934009846381 -0.71630061118098331541
1520430771.6274437904 1520430771.5274407864 0.99468843160366171574 -0.00082815404162830952295 0.10292831580634270727 0.69584307622979146846 -0.0054113669792320295837 0.9981640576396968445 0.060326040344717224428 0.31598911939969431817 -0.10278930460540575131 -0.0605625973447290189 0.99285775953134258742 -0.64494440821210796688
1520430771.7274467945 1520430771.6274437904 0.99529599477836450117 0.056876234471557610139 0.078428162865659845071 0.92948254288993636951 -0.058506247438546071793 0.9981129503682184545 0.018642889204996845182 -0.079395346704251856806 -0.077219827692152298582 -0.023143730459598860216 0.99674543688526962004 -0.36022018458793969575
1520430771.8276815414 1520430771.7274467945 0.9953567497937128028 0.063566728745479500473 0.072278708045281359063 0.82307324617538313305 -0.065711939340248659569 0.99745415992392350013 0.027697290094935156368 -0.14446354703267727526 -0.070334071887243332366 -0.032318258725651305419 0.9969998237134758412 -0.54925469047524322352
1520430771.9276845455 1520430771.8276815414 0.99424094748405844602 0.057004652820482226705 0.090749148220896552752 0.88707551177281718235 -0.05681322465006960476 0.99837379272997472945 -0.0046933458030222335866 -0.38682216473148084424 -0.09086911384437890149 -0.00048943516660916730476 0.99586272377389195576 -0.2519238958206345691
1520430772.0276875496 1520430771.9276845455 0.99676749834330902189 0.028191759929988180478 0.075231502168115818585 0.61509416068601197036 -0.022681619184941603784 0.99706539334737387392 -0.073117340899379018593 -0.78705574988266591152 -0.077072033822720542595 0.071174616690900638361 0.99448181257443446501 -0.04692994850417850361
1520430772.1276905537 1520430772.0276875496 0.99970160021245657589 0.0034818097026324268395 0.024178245053113091301 0.17086943863988582337 -0.00049766076500143419103 0.99248724247705966128 -0.12234715302795164116 -0.98414616163621893019 -0.024422589265201015418 0.12229861209955204815 0.99219281725484509415 0.047539115216707651668
1520430772.227789402 1520430772.1276905537 0.99939821033708375886 -0.034567289468235146144 -0.0028843844843772156739 -0.25977071491971204242 0.033839284468463015632 0.98986115238106009429 -0.13794854777598070106 -0.96373866394505947053 0.0076236475323107136259 0.13776792625883152454 0.99043519651345424126 0.061048859837784096027
1520430772.3277935982 1520430772.227789402 0.99849872846659726289 -0.054619312937205510838 -0.0041255187378010371724 -0.58260998090695892415 0.053980946933879336846 0.99400795743385894632 -0.095048608229103603851 -0.78281832467610867887 0.009292288131027975906 0.094683215051219848934 0.9954640838166158856 0.21854308659594717801
1520430772.4277954102 1520430772.3277935982 0.99553464680391967612 -0.092812051014011465178 -0.017224697372297322062 -0.67784010428038798945 0.091673232971308415973 0.99409494128317210659 -0.058062604762400590874 -0.73443289777557563269 0.022511893958148902067 0.056224291029581402457 0.99816433703505846875 -0.033780344789887326029
1520430772.5277984142 1520430772.4277954102 0.9937579001179542848 -0.10835973049790292855 -0.026521778967028425411 -0.88002704517330054834 0.10771407579464842286 0.99387569158279165382 -0.024673620661188166991 -0.42886191981051702271 0.029032978298115103 0.021662836546705921403 0.99934368846953358645 -0.20403395183152175929
1520430772.6277673244 1520430772.5277984142 0.9970882469424560135 -0.07373178364611886193 -0.019458979664453313063 -0.98593177937875065009 0.074031453657623452758 0.99714072598521374946 0.015156399672097069925 0.07114909022091310542 0.018285832728067413777 -0.016552844530264339967 0.9996957695516156539 -0.15124924254946389701
1520430772.7277703285 1520430772.6277673244 0.99981791826220023367 -0.0091325702252805507353 -0.016754894297489275612 -0.84906826086819098265 0.010160747151217341955 0.99800300821222542869 0.062343843454490524558 0.24912131419442826163 0.016152075382710184837 -0.062502734023635347915 0.99791408382706059399 -0.46585583521117945871
1520430772.8277733326 1520430772.7277703285 0.99953157162966743687 -0.0027147745640539455714 -0.030483886146514538318 -0.78586957305119109485 0.00530455225674419939 0.99634981823253787603 0.085199186811518251572 0.45624823175700157663 0.030141317835867265096 -0.085320980462339310324 0.99589750037444213504 -0.41742851504293332354
1520430772.9277763367 1520430772.8277733326 0.99885069197110853967 0.013697362708289639865 -0.045931224713424367856 -0.69895791435784682122 -0.0088389192768880686657 0.99450055633514011788 0.10435763965859565228 0.60006090543797341308 0.047108052972439862227 -0.10383171819792971768 0.99347863874429165332 -0.38908192417727155421
1520430773.0276851654 1520430772.9277763367 0.99725487010897939655 0.043587013955321551872 -0.059857299123676765973 -0.60729583096290629118 -0.038372568023124165038 0.99558523726834002865 0.085659683379369105927 0.6624969740401999152 0.063326693165152714293 -0.083127658139765719936 0.99452477213238110743 -0.43850830446258581841
1520430773.1276881695 1520430773.0276851654 0.99622689789431762009 0.02561092561901973097 -0.082921941612588756509 -0.71524022698067013515 -0.020695114194017760756 0.99800727812643819092 0.059608598835691722906 0.57012935861976343777 0.084283332636774149771 -0.05766761045504550931 0.99477171579415335501 -0.40420778338430857213
1520430773.2276911736 1520430773.1276881695 0.99022802386618913317 -0.00027956795139560952634 -0.13945745800000652892 -0.6608288478479106276 0.0084047616539645320088 0.99829989594467405389 0.057677358975540604646 0.53207003706302247181 0.13920424106902412609 -0.058285843895529487746 0.98854688288911307659 -0.52934554830635627276
1520430773.3276941776 1520430773.2276911736 0.98833292421137797223 -0.011951057382866350776 -0.15183939919275846187 -0.7828582171108274812 0.021276739956296378264 0.9979750433865842707 0.05994258181274516456 0.11092556657541263743 0.15081555376226507548 -0.062473874579514462879 0.98658587246037754426 -0.6122324154942964114
1520430773.4276952744 1520430773.3276941776 0.99220373601740141645 0.0057014036701784065464 -0.12449594462993773814 -0.91102527924303600138 0.00052541865435739437684 0.99875276919630773254 0.049926245181713999055 -0.060394861406745929677 0.12462531913037777631 -0.049602419486317911312 0.99096323333045754911 -0.40790366668590821719
1520430773.5276992321 1520430773.4276952744 0.99049442213429650383 -0.010654148873727037339 -0.13713966906997684947 -0.92775453306051658409 0.01492353478985447568 0.99943423746672199748 0.030141219097577783004 -0.26715370850479103204 0.13674095154788981632 -0.031901318014913387922 0.99009303506220502911 -0.26057709496001513205
1520430773.6277031898 1520430773.5276992321 0.99173931975740836631 -0.059220671269065161546 -0.1137806386937348091 -0.90610254380210097924 0.05920622105868733609 0.99823960486139251547 -0.0035092269976056481018 -0.33499021615462437618 0.11378815858894450463 -0.0032562832512201406177 0.99349969883454158914 -0.25837905332290383997
1520430773.7277052402 1520430773.6277031898 0.99496437552715644159 -0.079051143271304580296 -0.061618245506953134294 -0.78182461245743828382 0.076806585705808227971 0.9963221680306915129 -0.037985337734968260825 -0.58894902777186020071 0.064394408329229851917 0.033061370784090340913 0.99737671214932832608 0.20466880085239361198
1520430773.827709198 1520430773.7277052402 0.99659154015165363205 -0.080395434837186252608 -0.018489893333775819784 -0.53519785262758123867 0.078256341313231170265 0.99225687557386010873 -0.096448109990131092317 -0.73736872170521550185 0.026100711530947756644 0.094672419076207547928 0.99516626044286538022 0.41212938113369518289
1520430773.9280693531 1520430773.827709198 0.99893123707879949436 -0.041512773379127537732 0.020324203172379984306 -0.25502774879224265892 0.043879177776913635967 0.98990959260548883059 -0.13473535625535409954 -0.77816389851873257744 -0.01452588537201734975 0.13548316542658866979 0.99067316030068686139 0.57395278062580079581
1520430774.0280723572 1520430773.9280693531 0.99588944610281804337 0.036527156891957873741 0.082885330127909967457 0.072746037622681447576 -0.024421227396123519615 0.98947488005176931214 -0.14262911834195407534 -0.55464282133079056969 -0.087222788269403231376 0.14001867216884555933 0.98629962823200112432 0.82890250015090383151
1520430774.1280763149 1520430774.0280723572 0.98856251026828967365 0.069302470030350657448 0.13394525351706232374 0.2643027543549807401 -0.05684699988442028229 0.99388347228177253978 -0.094678731134652749368 -0.43574609230254440773 -0.1396874435881711729 0.085981458308285796388 0.98645557777883852157 0.86038909632992977006
1520430774.2280783653 1520430774.1280763149 0.99136821954588738581 0.075501696202652665568 0.1071846404338770431 0.48334620102765407657 -0.069967749209715629499 0.99605995462057805856 -0.054489272997334206594 0.08292201808030730259 -0.1108763606227383125 0.046519465514704885778 0.99274486751797530459 0.87149319496460986301
1520430774.3281364441 1520430774.2280783653 0.99150508252251801089 0.11115815440470211417 0.067539144511575277541 0.61707726932879491955 -0.11041570278301127139 0.99377766545261436715 -0.014639816477173661635 0.56974258359903973137 -0.068746228339805814933 0.0070580703377056686065 0.99760921193228702109 0.54277899011624342052
1520430774.4281394482 1520430774.3281364441 0.99366047399559853659 0.084803770985411905392 0.073805032656966279569 0.13188961882827346384 -0.088107679642899588979 0.9951945194017240981 0.042718910809091820147 0.97035595795336415659 -0.069827639275477262903 -0.048950883336511596955 0.99635732135303156642 0.2025202293839832024
1520430774.5281424522 1520430774.4281394482 0.99785711555766631875 0.057733313424809820646 0.030790281777326958951 -0.11884018583745602216 -0.060200948104164264674 0.99444218118869820433 0.086374730795670512373 0.98700744825986419517 -0.025632455565049512558 -0.08804324388422715697 0.99578680671519648193 -0.10813559686648477332
1520430774.6281454563 1520430774.5281424522 0.9957630551613596559 0.066766227159488045206 -0.06323139162316872286 -0.44172100577502459995 -0.063659096619651189819 0.99672125225354468725 0.049942614305776011907 0.87805178110627524202 0.06635855177205721156 -0.045705756935130528729 0.99674847699392143952 -0.18414022578784355888
1520430774.7276825905 1520430774.6281454563 0.99641782104212606175 0.021558897769181739612 -0.081772488262492976085 -0.74012690353011523214 -0.012404620423707490851 0.99376012946844727303 0.11084642741648373376 0.58770483126137118557 0.083651965319443244429 -0.10943499899863856628 0.99046773278707200827 -0.32682594447651480696
1520430774.8276855946 1520430774.7276825905 0.99277351068443975279 -0.0049767217719258738384 -0.11989991127476906652 -0.70854525292354764154 0.0181095899067095778 0.99391037308334129197 0.10869320600085605188 0.38914439737573452982 0.11862882970300048235 -0.11007907393205382252 0.98681801678199931871 -0.58866821092240328994
1520430774.9276885986 1520430774.8276855946 0.99089617767479554189 -0.0028854994532451772038 -0.13459732152752854062 -0.93384861963160337162 0.010382571007649638029 0.99843064225095856656 0.05503139861578727754 0.13310302711725141567 0.13422729710737182907 -0.055927868788680654144 0.98937106598283164338 -0.33197942674866592894
1520430775.0276916027 1520430774.9276885986 0.99117864084896467602 -0.037149162329150248185 -0.12721965910597862748 -0.98331927237680571974 0.037528965655094378984 0.9992953666955519676 0.00058892924937584134604 -0.083581573006465903486 0.12710813766890663445 -0.0053581563101935958393 0.99187439300513124962 -0.16154667816490059229
1520430775.127851963 1520430775.0276916027 0.99313819295022676137 -0.055299753996975342663 -0.10304594563316032962 -0.91487385159789380573 0.053380956618072628039 0.99834727125618472066 -0.021288481530374700479 -0.40026385384585755345 0.10405288642847766722 0.015641712924218616892 0.99444875868125970353 -0.052864761106966792759
1520430775.2278549671 1520430775.127851963 0.99393340977484423426 -0.066797341402344001526 -0.087375580770203367664 -0.72694413355726295034 0.061324250763667986774 0.99607081133032981946 -0.063892684119651169117 -0.68443562744382524521 0.091300127062487718144 0.058146831360938629196 0.99412435479725347331 0.055678528826267739693
1520430775.3278579712 1520430775.2278549671 0.99586767000806108996 -0.089074095343289194648 -0.017702806881685712037 -0.44783142078836779554 0.086799103125273557868 0.99089253269369237387 -0.10294612352356061202 -0.8335305722039800802 0.026711411968740439438 0.10098412840963999493 0.99452938934954615569 0.32353331166353993531
1520430775.4278619289 1520430775.3278579712 0.99914697385130291085 -0.031690541934787291867 0.026477050358073336844 -0.14575585088560441549 0.033827798125536739926 0.99583969868339450304 -0.084610723907457718873 -0.91846241592747646099 -0.023685538156486718453 0.085434209061976962296 0.99606224263556530918 0.36767107917441171905
1520430775.528181076 1520430775.4278619289 0.99811629657407519023 0.012482135182807468921 0.060067085950052237497 0.093851289700051687692 -0.0062877441389946817085 0.99474102977430922667 -0.10222889981404092996 -0.69834832641068245174 -0.06102722988056542841 0.10165864441760374959 0.99294571716095303415 0.70957843147959021035
1520430775.6281850338 1520430775.528181076 0.99567567346671148609 0.03454107784969399908 0.086237272728162672752 0.3129433187581853737 -0.024735044939958497623 0.99336716992986495711 -0.11229355839650290161 -0.36973263830039782007 -0.089544016095037592962 0.10967488156598095839 0.98992590103252664502 0.87485099040924674263
1520430775.7281880379 1520430775.6281850338 0.99238848646362987083 0.061417312593134411325 0.10673802344180643997 0.42966752191126927896 -0.05443606135423868092 0.99625786281230432895 -0.067134089767400539905 -0.12805241045318330184 -0.11046179049184373655 0.060812700141475689586 0.99201814920032549416 0.8938615109689860283
1520430775.8281910419 1520430775.7281880379 0.99342936194850961495 0.064520861029935705488 0.094525982198191360606 0.50316604129419206792 -0.063552846032011681143 0.99789092567022230629 -0.01321878308536669766 0.25529878357078639173 -0.095179507142076236192 0.0071245320535650025207 0.99543462992966480485 0.82561883820296111391
1520430775.9279098511 1520430775.8281910419 0.99659223608825842078 0.056706059875984565766 0.059902735679987439976 0.36921008998323989747 -0.055642355210377136832 0.99826460288554896838 -0.019279806337175686703 0.59688851587701041712 -0.060892062497893834072 0.015880976012135561426 0.99801801152366742542 0.71232577453627810016
1520430776.0279128551 1520430775.9279098511 0.99831182608782120802 0.039040624824110969904 0.043003808047008804105 0.26699983287279366317 -0.038937448557976900299 0.99923641481367275752 -0.0032345649032702872283 0.92436262482619846459 -0.043097250411086245048 0.0015546458315558453478 0.99906967228684473437 0.27251573728928374374
1520430776.1279158592 1520430776.0279128551 0.99771942999163609755 0.051017403269175934377 0.044194610314327656408 0.15921003059599486695 -0.054590796476009020854 0.99498363908935116839 0.083829606253557092943 0.96082906614616780949 -0.03969614537055156378 -0.086051045944728205006 0.99549958992183340545 -0.22684724332974648409
1520430776.2279188633 1520430776.1279158592 0.99868124308804673284 0.042029039587084822405 0.029484479569775966928 0.042503742879719592918 -0.044897255522354267976 0.99350838635793481401 0.10452426839262171643 0.94102586615367378453 -0.02490002310588701126 -0.10571019850439991594 0.9940851788360423047 -0.33565421354564084488
1520430776.3276269436 1520430776.2279188633 0.99997127596860324594 0.0043611757830623321119 -0.0061989824578933252694 -0.17144102116168558059 -0.0037141896196112578199 0.9948998915056981307 0.10079886248078220867 0.98351210609368977522 0.0066069685328151335491 -0.10077294293479430176 0.99488751220380045037 -0.057549226147649977514
1520430776.4276299477 1520430776.3276269436 0.999458866896382081 0.013070036961048803192 -0.030185220158824382919 -0.32836858266611312906 -0.010869252589386757535 0.99734857185290293202 0.071956136438271423028 0.81117735704195415014 0.031045655579291370207 -0.071589107808463670057 0.9969509350579096596 -0.48390636422791338811
1520430776.5276329517 1520430776.4276299477 0.99740202802605248955 0.047155905436139622378 -0.054456542967908860842 -0.58288631606236718241 -0.043665139749513193212 0.99701949676248868837 0.063604077275985965167 0.71560687548886847686 0.057293542918668671771 -0.061060983106825006406 0.99648833725330421274 -0.38490302973645407203
1520430776.6276359558 1520430776.5276329517 0.99475092116124497199 0.034472338211304465183 -0.096344500346930539436 -0.87973824018482393861 -0.030550675254895354183 0.99865512736627259915 0.041887860133021218023 0.35917966276503893175 0.097658901746457749127 -0.038724597910102215303 0.99446626107997104782 -0.31152945063428855166
1520430776.7279918194 1520430776.6276359558 0.99346847332293131139 -0.019825656367327415541 -0.11237141924443745655 -0.93657279648103564096 0.019345729536037914453 0.99979848731758047542 -0.0053598046789466585738 -0.26259633550216782139 0.11245503662407896339 0.0031508898874186633265 0.99365181861192930501 -0.23210894311190544137
1520430776.827994585 1520430776.7279918194 0.99628495369717207097 -0.028662810339947775162 -0.081207969683028902175 -0.71945601537870840225 0.02427509111177550416 0.99821798247634818679 -0.05451219507929840058 -0.6570399407148495019 0.082625728366765738286 0.052338348887452118552 0.99520534878365507492 -0.22512564989538205729
1520430776.9279975891 1520430776.827994585 0.99788197436779790817 -0.054718352707649998978 -0.035177650700223377089 -0.056606560962459903652 0.050238264654483021088 0.99178851663759293178 -0.11760805682566699559 -0.99737809109607689084 0.041324109141418145785 0.1155916958209559503 0.99243683822241490766 -0.045084816263897972699
1520430777.0280005932 1520430776.9279975891 0.99759067269140000445 -0.06831750054806737249 0.012065192828342952147 0.1858887595931786596 0.069328182923279066396 0.98809759611935787937 -0.13731985870842727815 -0.9018280888159527775 -0.0025402385078287514908 0.13782546811823592758 0.99045327377232283972 0.3900659781107233548
1520430777.1279613972 1520430777.0280005932 0.99954679423601200394 -0.014736739967476764068 0.026249469092574140294 0.47497932599820158472 0.017945640735877343985 0.99179909384343789558 -0.12654055251149387562 -0.86974582792422650002 -0.02416940444218362849 0.12695426714556029557 0.9916140650184646077 0.13392846852964490623
1520430777.2279644012 1520430777.1279613972 0.99801130083639788548 0.034599000940708168894 0.052691104911031572122 0.63388235474590426399 -0.028763993188618386387 0.99376392219094322744 -0.10773068108722735903 -0.76989283976387601349 -0.056089893017241342077 0.10600083058909320899 0.9927828301374557185 0.073879466850418198942
1520430777.327968359 1520430777.2279644012 0.99578582192774200976 0.045019468611429802607 0.079898963032293240927 0.91597256197914900255 -0.042445151219744847726 0.99853258704802905221 -0.033631558707607672742 -0.40102215690892595301 -0.081295793160681237288 0.030098505762159763477 0.99623545106830135865 0.013247466530123153117
1520430777.4279713631 1520430777.327968359 0.99347493884909610085 0.039662227052004991878 0.1069320046761502857 0.99544096123267866716 -0.045018107052045480687 0.99782528370338863244 0.048146373069034908987 0.082697850361681285447 -0.10478986552255695197 -0.052646091474367259777 0.9930999310926553747 -0.04752218687853151935
1520430777.5276198387 1520430777.4279713631 0.99275032853145139811 0.042762418925309575446 0.11233058678895817273 0.91884021684769923155 -0.052179984397612066971 0.99524218032442912651 0.082281539432251221688 0.36228554376587712715 -0.10827758045394400566 -0.087546433569463288915 0.99025834383776190073 -0.15646673985718367872
1520430777.6276228428 1520430777.5276198387 0.99349128247175677586 0.05760368922611430742 0.09826945934605213484 0.82692492226245972731 -0.062622136622949797768 0.99684500275864551533 0.048769954684137972745 0.56207597227566796771 -0.095150090159709058146 -0.054606368334265770192 0.99396408631295207758 -0.016302586653272076178
1520430777.7276258469 1520430777.6276228428 0.99578605757812699295 0.026530212454532520194 0.087785393774411357715 0.86580920015342566209 -0.033057753110780019323 0.99672797561103831931 0.073759932169089020837 0.47651702786344113383 -0.08554129115390909921 -0.076351099936014271696 0.99340485052484173156 0.15266286741011125816
1520430777.8276879787 1520430777.7276258469 0.99488123615879175965 0.022421822777426325679 0.098532166334106219274 0.85625619449033052444 -0.031597104527035568822 0.99520476941528868142 0.09256937894665517863 0.38971582175112584601 -0.095984107667164808575 -0.095208869315833888347 0.99081901590499288357 0.3390382097548623741
1520430777.9278123379 1520430777.8276879787 0.99391816722652581717 0.023450318950175991217 0.10759535026291482118 0.97547799057430306657 -0.025459634712739265261 0.99952546938028552503 0.017339061693576705847 0.19593439619996921852 -0.10713768644766506755 -0.019972946734390321227 0.99404355917705478074 -0.10026166910077737027
1520430778.0278153419 1520430777.9278123379 0.99209860508544367441 0.04060833932462520196 0.11870686822932002835 0.97450676298975447143 -0.038244590719389091882 0.99902346167251432352 -0.022124066275727466424 -0.080279167260775552428 -0.11948936801332364632 0.017409359699956356016 0.99268283209019680946 -0.20950375698575718353
1520430778.127818346 1520430778.0278153419 0.99399248272444284957 0.051394957043964628607 0.096630754306004512655 0.91067819595156274115 -0.043449523538008183454 0.99563481294589695203 -0.082604226008773276591 -0.38307950356615233511 -0.10045438363565045714 0.077909419460277490321 0.99188660600279499047 0.15464578030427356126
1520430778.2278213501 1520430778.127818346 0.9975647732060091144 0.031584379984807342545 0.062184806821436289237 0.65183090912760699442 -0.023056801267141546763 0.99079908377248226969 -0.13336251164003024017 -0.67820151258000171968 -0.065824821866614757759 0.13160396094565307568 0.98911449806867302037 0.33935110761580744576
1520430778.3278253078 1520430778.2278213501 0.99961454153062634376 0.00072055471049176089693 0.0277533630651190244 0.51827858638796775459 0.0024975872229456297369 0.99327573302336658045 -0.11574575691988761572 -0.81487814745250053416 -0.027650143192737841602 0.11577045818257408749 0.99289106683141148402 0.25953980753647487578
1520430778.4279849529 1520430778.3278253078 0.99918892416872107098 -0.034244861302803214498 -0.021184505963211162916 0.13991946644064684468 0.032325224121934864607 0.99584484388364480356 -0.085135931285359511822 -0.92043700575425091426 0.024011949192438347689 0.084382085685947183507 0.99614411101570476958 0.36499076885465669973
1520430778.527987957 1520430778.4279849529 0.99436991586655554265 -0.073847966466198622371 -0.075993080397798035142 -0.15988102700283396418 0.067905401994972164337 0.99463666393809579969 -0.078017710361149794629 -0.93815499946396618824 0.08134695322776516746 0.072418123414669244298 0.99405145168731434691 0.30708834915262428478
1520430778.6279909611 1520430778.527987957 0.99432170135918762632 -0.065186896971839547454 -0.084113153961514697254 -0.65766790696653587567 0.062818999662489882763 0.99755877628617328767 -0.030500182554153820735 -0.65146838059956280187 0.08589602719319888724 0.025043089218692970999 0.99598931530152978731 0.3782352088651175781
1520430778.7279939651 1520430778.6279909611 0.99580511649565861543 -0.039403977900934861189 -0.082580242713680529487 -0.92190106222264078806 0.042136320008103383961 0.99861173355641597027 0.031609114818743684616 0.23214343366564565985 0.081220074472032222079 -0.034956145797734178293 0.9960830122905044437 -0.31017391521320847314
1520430778.8276422024 1520430778.7279939651 0.99584570904257818658 -0.01514906180679903569 -0.089787692407470531819 -0.75493546332770500307 0.023012662384783943992 0.9959247431707344278 0.087202771230452086337 0.42724885962448738708 0.088100744329708824409 -0.088906759398149043383 0.99213600226071385624 -0.49752473120414697494
1520430778.9276463985 1520430778.8276422024 0.99598220942989990068 -0.0063177203224071276644 -0.089328186531815553795 -0.50237513419550450244 0.016339234048122153187 0.99358441084930060327 0.11190642496286196117 0.78065238766654865277 0.088048100092254666382 -0.11291636253075013063 0.98969562348379014338 -0.37175405064715105752
1520430779.0276482105 1520430778.9276463985 0.9956394628047505746 0.015898869772538015699 -0.091919998073454245446 -0.48099989732038123114 -0.0029115317569242127327 0.99018534519040324327 0.13973011541178459449 0.7660860265396496338 0.093239385930498158706 -0.13885318905274765533 0.98591389522675121349 -0.42632299811114376942
1520430779.1276524067
1520430779.2276787758 1520430779.1276524067 0.99115004201348344548 -0.0029527405863175731904 -0.13271350925847469338 -0.10042138674701314716 0.018038066251195417067 0.99347544970384249474 0.112610652256635968 0.55375769023111109934 0.13151510324896834025 -0.11400794778776357496 0.98473649544364683095 -0.82660024533852582973
