1520430766.9282231331
1520430767.0282251835 1520430766.9282231331 0.99632836395008206321 0.028521901444539025927 0.080723554967190691567 0.12940856966547589768 -0.023824902826008818868 0.99799937343362943309 -0.058562997117758031074 0.57347243308956730168 -0.082232385310681138657 0.056424744253485703549 0.99501461448666406184 0.80893929969032130067
1520430767.1282291412 1520430767.0282251835 0.99783999189313499212 -0.020558338204110238046 0.062391548377921185464 -0.35204660583435903876 0.022710038669432108804 0.99916459057313433689 -0.033976095838892772516 0.82452822871398046001 -0.06164093382113833286 0.03531962167274932396 0.99747326761299848208 0.44296318963802527868
1520430767.2282321453 1520430767.1282291412 0.99926612891824007079 0.021761694605929304824 0.031521932755356529832 0.7638394586775875128 -0.023375182536958583057 0.99838614893613442103 0.051756144116796964916 -0.52512072658332786812 -0.030344759648394059592 -0.052454992711400361127 0.99816214579672768448 0.37522993467969384396
1520430767.3277778625 1520430767.2282321453 0.99954415332105628345 0.0069369667757390590657 0.02938305725490070186 0.44971034549971267147 -0.0060556740160228883507 0.99953225233672471362 -0.029976746836257700535 0.22491090117639306323 -0.029577261095377671563 0.029785147819437057803 0.99911862688845420877 0.86439325059983673771
1520430767.4277808666 1520430767.3277778625 0.99941869053714316173 0.015654502014528975939 0.030285600071637108766 0.27932361691573437401 -0.0160144161787281053 0.99980356026506156386 0.011678157207453132571 -0.47007109919530243314 -0.03009683504085647332 -0.01215637478792952475 0.99947306270481295343 0.83726428249056006337
1520430767.5277838707 1520430767.4277808666 0.99877491864889456075 0.023428619070268934255 0.043586255704687937307 0.093184681834427324221 -0.023743195589394729128 0.99969554755984635364 0.0067136318205800044057 0.060684562639606108581 -0.043415694640279119121 -0.00774028406964421406 0.99902710947272233 0.99379776560860488832
1520430767.6277868748 1520430767.5277838707 0.99805138616883604108 0.011816671354711122399 0.061268236832469666342 0.19984439208011711697 -0.011655078088279396953 0.9999275943605563377 -0.0029941928907453729813 -0.35279100661200829547 -0.061299182059966789149 0.0022742722804516835033 0.9981168458474054539 0.91411198690741080064
1520430767.7277712822 1520430767.6277868748 0.99155279980146626695 0.022335974728764113051 0.12776599484522160877 -0.72143567012314513409 -0.020764894328907240739 0.99969167103356615378 -0.013615506954406622619 -0.10113722084405167567 -0.12803071650733882647 0.010847446659569867644 0.99171087950651459764 0.68505608269243900565
1520430767.8277742863 1520430767.7277712822 0.99808678569481812382 0.039454228123806639461 0.047603908500679636973 0.81789748353022939664 -0.040818050359421376161 0.99877347884327061234 0.02802542995507695256 -0.26378281374777862167 -0.04643979959304495031 -0.029914910036063946386 0.99847305580636080968 0.51133387684195474865
1520430767.927778244 1520430767.8277742863 0.99875596167661706559 0.022825560233347089861 0.044334217208041704072 0.48330798465859714508 -0.020883324517051136265 0.99882252395820592117 -0.04378872447188184025 0.0016975984192235393788 -0.045281516897421658641 0.042808403775341799524 0.99805662404178030478 0.87544874785726456423
1520430768.0277812481 1520430767.927778244 0.99675486622615483423 0.0060193185169118978983 0.080271442363222977878 -0.571873525555111617 -0.0063440664925685785747 0.99997268944182748918 0.0037911991264568678517 0.5415011039752364308 -0.080246429670223051733 -0.0042881435459350969452 0.99676583125130813201 0.61622822489948192448
1520430768.1281347275 1520430768.0277812481 0.99801497132749883434 0.0029352789237136189815 0.062908673041259022263 -0.35267502023148455947 -0.0035031543379460405863 0.99995409232805210209 0.0089185843084175764339 -0.37129244067927058559 -0.062879606517984576453 -0.0091212594537062874345 0.99797943751869033768 0.85893087824291913801
1520430768.2281386852 1520430768.1281347275 0.99985206060385045657 -0.0025512121611591664916 0.017010238762090928999 0.74451590161257885647 0.0023832937373914342416 0.99994830612423957206 0.0098845834624223249953 -0.56789451280856206861 -0.01703457710645900347 -0.0098425807476003879248 0.99980645466361695028 0.35098702905938711227
1520430768.3281416893 1520430768.2281386852 0.99958939401518231982 -0.0008241331870287860184 0.028642000224335523173 -0.21310957678329722764 0.0013632075674308019586 0.99982220927067189109 -0.018806688018916328797 0.76843635045968516906 -0.028621408726491465169 0.018838010871712940197 0.99941279975238872524 0.60339861084977941541
1520430768.4281446934 1520430768.3281416893 0.99894625116340707294 0.029573977081181423987 0.035096540658264424595 -0.13610675286640763759 -0.030412259210522901709 0.9992588767622836432 0.023596434084215911486 0.33753266910831919434 -0.034372689395614747232 -0.024638934461143513488 0.99910532034031906967 0.93142184272690131674
1520430768.5283234119 1520430768.4281446934 0.99982112234826781005 -0.0087189411483914527889 0.016784021314969144179 0.18237601711414258565 0.0089354339942954719156 0.99987728825472232952 -0.01286726279038150067 -0.2296202733771587623 -0.016669772811410493718 0.013014933639247883157 0.99977634007651039472 0.95604054225528600774
1520430768.6283254623 1520430768.5283234119 0.99999149154323396793 -0.0014447165688247221027 -0.0038638886078709022698 0.68830823134731655699 0.0015499885902377219526 0.999623831899680515 0.027382334333827557105 -0.18898260813848705153 0.0038228754241279583326 -0.027388090335675879805 0.99961756593772232993 0.70036943999628065161
1520430768.7283322811 1520430768.6283254623 0.99918665732286349179 0.012232496163997293864 0.038423818987189384266 -0.027163064758122988651 -0.01194150294341758678 0.99989832455137861444 -0.0077936555478061164681 0.22626716754195452808 -0.038515248089748196914 0.0073284784876053443714 0.99923113896017190516 0.97368646740390085714
1520430768.8283324242 1520430768.7283322811 0.99993695994114939474 -0.0028068312684042251437 0.010871883088185652078 0.68231974421983654366 0.0030482032191758157147 0.99974781526099609774 -0.022248917681539026603 0.23927634151967303033 -0.010806692407349494101 0.022280654817487061115 0.99969334689199385036 0.69078694185453304311
1520430768.9283432961 1520430768.8283324242 0.99848041952469845928 0.020345675882587899164 0.051214307558184041236 0.84415418182719448303 -0.020243724143956087769 0.99979192743062128557 -0.0025086803992538098118 0.43384126017351021254 -0.051254692063918055878 0.0014680999430690955254 0.99868453538842283379 -0.31493726085479484267
1520430769.0279479027 1520430768.9283432961 0.99684226084222427033 0.039650093175654765876 0.068799542949971745354 0.010806375168160436973 -0.039000659520006988878 0.99918127503712439452 -0.010757702923525180871 0.46647412913982233551 -0.069169758969997885423 0.0080405053540315574168 0.99757250098310357167 0.88446882878876442735
1520430769.1279509068 1520430769.0279479027 0.99982525253132015219 -0.0038933597611913450809 0.018284040867702411326 0.65936995283165256154 0.0037230887080494101671 0.99994947474575979207 0.0093373746926517231515 -0.22041997956623671229 -0.018319470820792715937 -0.0092676699039679621972 0.99978923143000364426 0.71878111961208590586
1520430769.2279539108 1520430769.1279509068 0.99961151427885841514 -0.013094841301044844728 0.024603773133982376198 0.45315482608357898764 0.013548300687923781407 0.99973973343088251564 -0.018355079624389217252 -0.006173185680251882905 -0.024357012739612105001 0.01868128825452138736 0.99952876166699389238 0.8914104528081994161
1520430769.3279569149 1520430769.2279539108 0.99972110291236293556 0.012547954591951258896 -0.020006629582386969979 0.82946949324949592608 -0.013547522179584572249 0.99862532864004616151 -0.050635142355418119586 0.015290755878852424487 0.019343759574658114797 0.050892060619689205581 0.99851680863739078475 0.55834268380008134081
1520430769.427656889 1520430769.3279569149 0.99892958139848897492 0.041635785352975213103 -0.020153232621098471355 -0.34388654901982412815 -0.042257689699628869784 0.99861052883441114858 -0.031484906896911524221 -0.45093836697211708842 0.018814331460059841028 0.032302833917449091938 0.99930102964652867126 0.82364836586722844913
1520430769.5276608467 1520430769.427656889 0.99972487219753092269 -0.012260122796663386335 -0.019996732199059272239 0.79158174143400561462 0.012619966526508374915 0.9997588909493541065 0.017969318645602923301 0.6032661780139789709 0.019771604752775229219 -0.018216732877443790606 0.99963855182199323757 0.097305010624904972327
1520430769.6276638508 1520430769.5276608467 0.99988487545514914689 -0.013804241537708594745 -0.0062991072073343146176 0.44423298519759646386 0.014007327172800065895 0.99934310147378591083 0.033423948333920816545 0.83219344264172623316 0.0058335770771482942099 -0.033508334072631651424 0.99942141308166987379 0.33182996984381052386
1520430769.7276668549 1520430769.6276638508 0.99985981805408008505 0.0079774723866494201552 0.014720875489658002966 0.55929714531612417794 -0.0089896359693166227878 0.99750482866285894445 0.070023590592168255542 0.79899674760151095931 -0.014125533122715375201 -0.0701461098607804312 0.99743671106762410439 0.220886623776637675
1520430769.8275010586 1520430769.7276668549 0.97580610832357361772 0.060913218448380684888 0.20998099622742538717 -0.72598696483528579737 -0.056696493081293930505 0.99805158605413080153 -0.026048785904854099282 0.38011022402274374787 -0.21115858171214585415 0.013513378300558293033 0.9773583999619691598 0.57311355286943688192
1520430769.9275040627 1520430769.8275010586 0.99791129277028889355 -0.0063236170466722460559 0.064288907511154014252 0.90903921296781131645 0.0036450718863138414916 0.9991236771449097942 0.041696417344636041435 0.08900413212219805692 -0.064496241847678881243 -0.041374988046905550321 0.99705985033579813681 0.40709455136618610815
1520430770.0275080204 1520430769.9275040627 0.99138914493567309449 0.057490888275137902452 0.11765356377539293309 0.73395713120194006063 -0.060293097584881771844 0.99797232661596890768 0.020395531185285205311 -0.081410977914385382337 -0.1162424435709037418 -0.02731360602420741801 0.9928452352902841227 -0.6742990302772511324
1520430770.1275110245 1520430770.0275080204 0.99052211859505012725 0.064990454806860983861 0.12100484848951581496 0.98832426226689218396 -0.069747677901896315555 0.99693285305644407934 0.035498562281195245038 -0.12830432842533806559 -0.1183266411306711785 -0.043601918314862410375 0.99201697501504360055 0.082177563373017251114
1520430770.2276017666 1520430770.1275110245 0.99304208594920040376 0.044844894080228125954 0.10888687252646324366 0.94812689453911935811 -0.04170875859823919285 0.99865151662069084892 -0.030911612824116148357 -0.31789111072485559673 -0.1101262683915828211 0.026154996198190866297 0.99357341006289912055 -0.00079597344386735102706
1520430770.3276059628 1520430770.2276017666 0.99739393777898033289 0.043724849681429367454 0.057388765469173763645 0.69248200374374258015 -0.040657801499344004004 0.99773630842328198121 -0.053564932849034824214 -0.58233153511674595748 -0.059600973641202925624 0.051092038266427303173 0.99691390178229666308 0.42586225202478933394
1520430770.4276089668 1520430770.3276059628 0.99890475869401851305 0.044935710404755635494 0.013040896781454980324 0.50819986927607441185 -0.04384986012146652179 0.99628326082286955412 -0.074140771316988485218 -0.60444598088731293917 -0.016323995398567769932 0.073487727782059530934 0.9971625148588656451 0.61349649473893108631
1520430770.5276119709 1520430770.4276089668 0.99616615730845592402 0.041040967981772591422 -0.077256883061793346634 0.84462266206413416647 -0.051385120562517816456 0.98922833674164278861 -0.13706519314595733139 -0.25204246903706750693 0.070799409729742857067 0.14050956100736422538 0.9875446860003032068 0.4723210269820666829
1520430770.6277694702 1520430770.5276119709 0.99725583242003590367 -0.023598124115742968865 -0.070170743493566764548 0.089573704394803027595 0.01247147068240589407 0.98784135677764917105 -0.15496424187118318372 0.64898927710995513163 0.072974427871959651748 0.15366386165234358074 0.98542485786530131797 0.75550610168104503916
1520430770.7278375626 1520430770.6277694702 0.99730996008874073233 -0.020561532749120654817 -0.070356711682693362508 -0.89006393369828873396 0.010672053521201901871 0.99035368943799906294 -0.13815092142357746074 -0.13635669647652584602 0.072518623686852967669 0.13702843933851729941 0.9879090322651244982 0.4349632688578856099
1520430770.8277754784 1520430770.7278375626 0.99564480450510739473 -0.058696724851214993057 -0.072430088732012620767 -0.69835097633802778461 0.051631827538208788231 0.9940577315456229357 -0.095829957421647724014 0.15324222382632554651 0.077624594343874586677 0.091672901372820664312 0.99275903496610840016 0.69915859051039808136
1520430770.9277784824 1520430770.8277754784 0.98711550687700178042 -0.1203378496480591725 -0.10545984081649786845 -0.10162220544020907076 0.12191895179995151932 0.99250234440190687746 0.0086524880075127125201 0.092908304158046878252 0.10362791744969633567 -0.021398558334620315646 0.99438591926185204706 0.99047512557355188445
1520430771.0275917053
1520430771.1275956631
1520430771.2275986671 1520430771.1275956631 0.99979640432186478449 -0.014207442071576398268 -0.014328241163965527161 -0.52416103783541734273 0.015881938639591225426 0.99209506822153126215 0.12447947475613604928 0.46479254243862694329 0.012446442468360685574 -0.12468169152003855116 0.99211872367654851956 0.71359869598306835403
1520430771.3276016712 1520430771.2275986671 0.9998781135784559071 -0.010672883853450193525 -0.011395066346419638337 0.22399454075852121004 0.011405571021216059924 0.99773465092647328767 0.066298410918426420313 0.861484966793131135 0.010661657304028265836 -0.066420297280871121171 0.99773477095501306167 -0.45570834719128966439
1520430771.4274377823
1520430771.5274407864 1520430771.4274377823 0.99766179985278813369 0.011411752581343248547 0.067384753598401458952 0.7897633306316146351 -0.021616123510600049329 0.98803450031487471961 0.15271073764444251242 -0.492560976107984827 -0.064835764195924849851 -0.15381026653171586682 0.98597095575405924173 -0.36559207650769454112
1520430771.6274437904 1520430771.5274407864 0.99014339259162365003 0.0092373191644260378014 0.13975240263338795099 0.41905576722588178118 -0.021383796660539487744 0.99609456046310518307 0.085664227400907233534 -0.0605813727308850275 -0.1384153002652912523 -0.087808305703208855419 0.98647397639370171252 -0.90593717289488107092
1520430771.7274467945 1520430771.6274437904 0.99415168062316294773 0.054005930039349628324 0.093518957622106047012 0.75235133632908857138 -0.055226926851769372884 0.99841845177913746134 0.010515783254694256038 0.032327853502414176379 -0.09280313822629993048 -0.015619048227573012477 0.99556196334925073366 -0.65796837052533219126
1520430771.8276815414 1520430771.7274467945 0.9956508023055113954 0.062220491994499749211 0.069340394030852625651 0.83540879239854382021 -0.064606580929263593416 0.99737441408629678996 0.032714948061192475337 -0.19797678774710866789 -0.067122794705092525547 -0.03705251006313077522 0.99705648883551201145 -0.51273515687588910872
1520430771.9276845455 1520430771.8276815414 0.99270755485154882347 0.056839648128523656556 0.10630599673247370651 0.64862596522625226569 -0.051814365233088577334 0.99743153978181453567 -0.049452957484566184565 0.57623997018742911802 -0.1088438427112492779 0.043584146763517517265 0.99310293527647242051 -0.49722414864194097728
1520430772.0276875496 1520430771.9276845455 0.99773012200989841247 0.027037560965482432263 0.06167312162644886242 0.62961584208687404463 -0.022413299310888812332 0.99697081471536586061 -0.074477101311603927103 -0.68832029954538198613 -0.063499981481205280964 0.072925749244119847381 0.99531381355282622092 0.36027636146018715557
1520430772.1276905537 1520430772.0276875496 0.999248233864789559 -0.010328481711135595322 -0.037366958447823096778 0.75133677148421196268 0.0052789036323023785791 0.99113022044726362125 -0.13278937944202864885 -0.65991638190238965933 0.038407034440834757205 0.13249229631077025227 0.99043964537156892192 -0.0018505978872765775634
1520430772.227789402
1520430772.3277935982 1520430772.227789402 0.99836819174739033222 -0.056685410933139002143 -0.006907814009367491126 -0.5696570966601964825 0.055733442572129199277 0.99358858764517521411 -0.098364129032516317563 -0.82170514063680433203 0.012439336240571535405 0.097818621379610129485 0.99512651468307622427 -0.017072026116592649292
1520430772.4277954102
1520430772.5277984142 1520430772.4277954102 0.99389784162689465141 -0.10708736491328663121 -0.026445730947149630186 -0.90912920052321499753 0.10633874161837336692 0.99392832862924906934 -0.028258619557373743092 -0.41017188565891787855 0.029311302264165450815 0.025273975235331293254 0.99925075618454384241 -0.072409398361177323977
1520430772.6277673244 1520430772.5277984142 0.99183190315504854428 -0.1099205630477426282 -0.064706612514496608668 0.33431748563258323337 0.10928721511381533915 0.99392178944559439469 -0.013258245658229389496 -0.17377019704893914565 0.065770665927148808105 0.006078345542540747326 0.99781625223232617294 -0.92630218472045122713
1520430772.7277703285 1520430772.6277673244 0.9992163066986909925 0.031696893145957999449 -0.023708213604595074209 -0.41799831892492989027 -0.031712667552907969348 0.99949698491805483158 -0.00028957968912596276922 0.56326767874399630287 0.023687109239122705606 0.0010412034437789485786 0.99971887886109378485 0.71274604696082466404
1520430772.8277733326 1520430772.7277703285 0.99934738161147007585 -0.0030300229734375738744 -0.035994858342252661343 -0.71415507408980916093 0.0060197758840255244372 0.99651091933621671615 0.083245119628685498858 0.57116484701342062902 0.035617034753113618883 -0.083407473313058339004 0.99587881804511080297 -0.40466436424265811445
1520430772.9277763367 1520430772.8277733326 0.99878837897940075941 0.01691779663892806207 -0.046212143129103294692 -0.72850462042108077299 -0.011735232138581241923 0.99384016436222655244 0.1101998730812163152 0.52975365237535199103 0.04779182296538286856 -0.10952404237128282594 0.99283454099880019683 -0.43432946690284762736
1520430773.0276851654
1520430773.1276881695 1520430773.0276851654 0.99588005432492576752 0.022802174240782513426 -0.08776661237438537766 -0.64853438898668336332 -0.017637922533923489077 0.99809191172175215634 0.059172962105210752393 0.6236141553400539328 0.088948418122358346993 -0.057381152005779700875 0.9943820102495920521 -0.43647283026687883067
1520430773.2276911736 1520430773.1276881695 0.99070932673986455974 0.0029474582349043321194 -0.13596448948382794386 -0.81640367702388394466 0.0069022573931772912559 0.9973868812490332969 0.07191500507686569843 0.30827601364158274677 0.13582116460081922193 -0.072185328164944842499 0.98810014150600988803 -0.48831438188439324488
1520430773.3276941776 1520430773.2276911736 0.99237218642365443433 0.049939120856865026887 -0.11270992778269134371 -0.87237440497399099115 -0.060371667960186559121 0.99400728899353252288 -0.091130517037011166126 0.38781041954459488652 0.10748351185387028384 0.09723987677784977357 0.98944009472215554979 0.297600362968395038
1520430773.4276952744 1520430773.3276941776 0.9876768783402202212 -0.022484282973668917593 -0.15488331417966783032 -0.49133445863571861834 0.033459176410300495164 0.99708158787508593957 0.068620628344850331803 -0.56117955492960047703 0.15288841521208240692 -0.072957276125535874822 0.98554673575344975411 -0.66608404641318430528
1520430773.5276992321 1520430773.4276952744 0.9904639592410964255 -0.0075130804068967438347 -0.13756707115894994953 -0.79592116342320340383 0.011459967816938920748 0.99954443619149824229 0.027921124910260317065 -0.2264120116765534485 0.13729462692358662679 -0.029231382133233715925 0.9900988393673101351 -0.56146870133929205338
1520430773.6277031898 1520430773.5276992321 0.98939041570099672818 -0.067026611593203389017 -0.12889545630992049752 -0.56839294343393920173 0.066364595833566436545 0.9977508871405127433 -0.0094290842697989929455 0.16435733695179347014 0.12923755545063586592 0.00077495074258523977129 0.99161335898246671938 0.80617375772510557752
1520430773.7277052402 1520430773.6277031898 0.99163823854938337732 -0.10301806859198678334 -0.077723107183470419024 -0.82274490129510735592 0.099183166199574568367 0.99372550145872862171 -0.051694557675113453343 0.086162658662544147625 0.08256090714923197682 0.043553476258213541517 0.99563386408685439211 0.56184234767869367655
1520430773.827709198 1520430773.7277052402 0.99586843175790418226 -0.085356726367122770505 -0.030988641337436922951 -0.44721915432333775309 0.080977771267328468863 0.98918295840276970754 -0.12230975172127771244 -0.86330152381290770069 0.041093395924752113002 0.11929502952525926351 0.99200807897009535274 -0.23389208406577202681
1520430773.9280693531 1520430773.827709198 0.99919221879660247154 -0.034010228780650519909 0.02140593923681979871 -0.3588868112483828976 0.036807127444148268758 0.98833033440391571123 -0.14781199364853539469 -0.9041865555863186632 -0.016129019363645427654 0.14848048503198085779 0.98878379856217057942 0.23161806796732611891
1520430774.0280723572 1520430773.9280693531 0.99612627882422732917 0.035006186492303872915 0.08066599991982177642 0.03144380854108266149 -0.022811698324354586637 0.98881195541513999814 -0.1474128327102026681 -0.76324643462179531106 -0.084923866229448599641 0.14500166804334885251 0.98578012417033911152 0.64534189926081020339
1520430774.1280763149 1520430774.0280723572 0.98211818114243754074 0.076428848557305834044 0.17205379791703034886 -0.56478977396668472721 -0.064031409380664483511 0.99501183166599460606 -0.076494662934145196687 -0.047158332155103767358 -0.17704196361935115034 0.064109952058063052194 0.98211305722147734798 0.82388628033910704662
1520430774.2280783653
1520430774.3281364441 1520430774.2280783653 0.98786337222151676674 0.1192799391778744944 0.099489969006205047908 -0.43601009849296795684 -0.11953189326890595323 0.99282438068038236789 -0.0034461018798949416553 0.23541864690318314857 -0.099187117685130610223 -0.0084879465324846359309 0.99503259768159235676 0.86860419910476294181
1520430774.4281394482
1520430774.5281424522 1520430774.4281394482 0.99867813841378938466 0.043313141975710081621 0.027675758102711972564 0.038438354305598623761 -0.046844665868058042724 0.98857859653320878657 0.14324083131614906428 0.57795910174059483833 -0.021155451639656423779 -0.14434794840462206178 0.98930082212504955042 0.81515996567145165841
1520430774.6281454563 1520430774.5281424522 0.97576067871124616548 0.050491595277726689095 -0.21293589807094323585 0.18509176871994048597 -0.084142127522563295305 0.98478294663659238228 -0.15206133759022028018 -0.00094253216158658747505 0.20201782163201745246 0.16629235346239004678 0.96516094664205820397 -0.98272078882317770443
1520430774.7276825905 1520430774.6281454563 0.99519701030854401669 0.016220375111538842816 -0.096539163577148284778 -0.39196588735783710611 -0.005683217991147238024 0.99408693738838815879 0.10843828635237845459 0.9047358737600202927 0.097727231139532091952 -0.10736880526957787163 0.9894045320033580948 -0.16678052008395757855
1520430774.8276855946 1520430774.7276825905 0.98714827615538136563 -0.0079882879474228452032 -0.15960723084850439446 -0.22382794444975290249 0.028340182726289589454 0.9916701025452412388 0.12564729110072953011 0.31358033411386160294 0.15727401224137191327 -0.12855580490036211394 0.97915182178246529254 -0.92280465177654835696
1520430774.9276885986 1520430774.8276855946 0.98202103654754147044 -0.017852352564696485904 -0.18792545672685789793 -0.43807343760446981751 0.030854072226447343263 0.99730998632153133876 0.066489227777080106563 -0.22213666027620587728 0.18623294554169944615 -0.071092085995932335907 0.97993020430212762761 -0.87106082877531376685
1520430775.0276916027 1520430774.9276885986 0.98059111240686280819 -0.081633911765400912763 -0.17826097362729195761 -0.42137898117035355039 0.091161224524801909297 0.994777217587963003 0.045912073696244115606 -0.80686510822973456225 0.17358197317639320612 -0.061271460059553084498 0.982911545750867921 -0.41401503758831514901
1520430775.127851963 1520430775.0276916027 0.99067823181439496061 -0.057670769208116534621 -0.12341281695208247693 -0.92032848545492895731 0.049541489335733712718 0.99645745328032531152 -0.067957226521433281019 0.14577368672433638208 0.12689476680896424887 0.061209690254339421678 0.99002580369173531771 -0.36296764472750392416
1520430775.2278549671 1520430775.127851963 0.99348615225035863396 -0.070953703762486969309 -0.089167467212892759232 -0.47151087743753283821 0.065741745756525110655 0.99602562853205434124 -0.060091348563750479617 -0.5014586692214315633 0.093076786320013482623 0.053837897708872095581 0.99420228958629341953 0.7254079511011436443
1520430775.3278579712 1520430775.2278549671 0.99595399164574938133 -0.088457333630261480995 -0.015841295777916930554 -0.5596336555926003653 0.08604878317288600087 0.98955226226191972394 -0.11568027993907303852 -0.80215906293913596947 0.025908559191210517314 0.11384911233444588996 0.99316017146344237609 0.20820905185094570888
1520430775.4278619289 1520430775.3278579712 0.99971734941169498878 -0.022962484926098813975 0.0061599976683358176333 0.36890021815925400084 0.023438958307121726676 0.99532413437897226949 -0.093704230193873389032 -0.85765285625064346942 -0.0039795123736742765708 0.093822128566602547295 0.9955810221536465221 -0.35825159763379643696
1520430775.528181076 1520430775.4278619289 0.99803900724195870886 0.018452678106250876289 0.059813365514675705115 -0.051688884911349909645 -0.013018916410849561138 0.99585720937572252964 -0.089994035079473899685 -0.76976898482226130405 -0.061226202225619176522 0.089038852222529218938 0.99414457447391524347 0.63622635058784426931
1520430775.6281850338 1520430775.528181076 0.99582246338213942227 0.02816450048380800264 0.086858403945878875918 0.15203627133410399508 -0.018452292669595748986 0.99368733371319428738 -0.11065710873323256203 -0.95471416313081003402 -0.089426698020018027813 0.10859209791904939069 0.99005586809572299067 0.25574565278076566432
1520430775.7281880379 1520430775.6281850338 0.99496696821532415456 0.053042501463816477125 0.085013088397416169961 0.68807284561844528348 -0.046106363811737383074 0.9956002990832450994 -0.081573572199655830506 0.29258831145905556115 -0.088965922557266763349 0.077243365435574889988 0.99303500800310162688 0.66403903433463429273
1520430775.8281910419 1520430775.7281880379 0.99345928858858278954 0.065930467596251013385 0.093229905929411160947 0.52705672056437169459 -0.064496052420908028813 0.99774979917275885555 -0.018319319660921151716 0.32765485493099932857 -0.094227921229255107161 0.012186537377745887412 0.99547606056979276445 0.78412595247707173041
1520430775.9279098511 1520430775.8281910419 0.99551194090635841683 0.065754558811682226049 0.068061101286533753907 -0.16857382736069889684 -0.066735883340315160783 0.99769554827621509396 0.012243970949382898539 -0.19203383651306962787 -0.067099160856471523617 -0.016731136999692974854 0.99760602026403921716 0.96680187751319390799
1520430776.0279128551 1520430775.9279098511 0.99758971496126669365 0.042569431328798292002 0.054796022846936992545 -0.040778500537768311296 -0.043167572208367741005 0.99901999236783445291 0.0097783208685250366798 0.86317136578813136172 -0.054326064767610988959 -0.012120163601007982734 0.99844968842758952121 0.5032616686946702611
1520430776.1279158592 1520430776.0279128551 0.99439263291023372027 0.055224431132277290724 0.090186217461257822681 -0.46155670499497164494 -0.068318022513424447872 0.98643795049151949961 0.14924080417213464456 0.59908313626804943208 -0.080721369002936305126 -0.15456530023328840517 0.98467945472122297979 0.65426661531322405363
1520430776.2279188633 1520430776.1279158592 0.99696356483204284782 0.0457874535565725993 0.062985391117221012358 -0.31173824400336563878 -0.055725118328937423007 0.98448799208015302931 0.16636737852480049105 0.64404059295084492565 -0.054390822613843203825 -0.16937208313884849487 0.98405016938599043641 0.69859214271076819358
1520430776.3276269436 1520430776.2279188633 0.99996088500127189302 0.0062159992739499875247 -0.0062920442226304766631 -0.082639663376835884034 -0.0055786940157930009487 0.99529998508762229648 0.096678942162482461864 0.98726464773350197657 0.0068634277552433783226 -0.096640059176330700419 0.9952957310879232411 -0.13593822631109755972
1520430776.4276299477 1520430776.3276269436 0.99906093308848298307 0.012978544972982009043 -0.041337747238503558256 -0.68379921889142991631 -0.0085583182996709639134 0.99439681222564557661 0.10536477126324664266 0.67814223134718321084 0.042473605500965516679 -0.10491204509425522406 0.99357408160131144292 0.26933574272074256584
1520430776.5276329517
1520430776.6276359558 1520430776.5276329517 0.9923113808165892058 0.028953440639712502147 -0.12033213110801799228 -0.45889635593155153614 -0.023531652802462110774 0.99865332221669045332 0.046236385476715269327 0.35791252520545641103 0.12150878494273142927 -0.043049277586153178454 0.99165637943848838898 -0.81321138630358369426
1520430776.7279918194
1520430776.827994585
1520430776.9279975891 1520430776.827994585 0.99856415591136060694 -0.045055270224322749306 -0.028976700192483013235 -0.0073553894168791877917 0.039952651494070519356 0.98672197617690104998 -0.15742784813413454592 0.17244857850319572634 0.035684901115529632509 0.15604411028476578016 0.98710527476952059089 0.98499105885218740664
1520430777.0280005932 1520430776.9279975891 0.99683417301614207773 -0.077585705033114960028 -0.01738073306104137572 0.53113347736564753276 0.073107681284528158727 0.98034746096129210535 -0.18323242814509510534 -0.31205195481629494081 0.031255374648604672405 0.18138168088663794708 0.98291596151162030637 -0.78773143057567795999
1520430777.1279613972 1520430777.0280005932 0.99993155133084121733 -0.0084712281782295395516 0.0080703746040443613552 0.62221599042779285327 0.009462714851998843546 0.99120343987850945133 -0.13200832473991869209 -0.75079463352941211429 -0.0068811104283391655301 0.13207565659939932146 0.99121575413888085571 -0.22170854633819633839
1520430777.2279644012 1520430777.1279613972 0.99824256053558380053 0.059072634302197210565 0.0047131955146561543835 0.98792838548707218038 -0.057773995319876578214 0.98782310153568420041 -0.14445651780795429331 -0.031077129430604678861 -0.013189230460469741901 0.14393034408706087413 0.98949992433089195565 -0.15176204128588749453
1520430777.327968359
1520430777.4279713631 1520430777.327968359 0.99336034305715736892 -0.01533061234463467537 0.11401842467998493658 0.66010019644545869788 0.014460554296910677063 0.99985970065226981163 0.0084540748151174932579 0.74744814431119432907 -0.11413203411309616464 -0.0067491730376428027416 0.99344266440117945383 0.074759629603277505394
1520430777.5276198387
1520430777.6276228428
1520430777.7276258469
1520430777.8276879787
1520430777.9278123379
1520430778.0278153419 1520430777.9278123379 0.99369631779473233113 -0.060131819418143959977 0.094613911739521938671 0.57092383120175460576 0.052066987892947301508 0.99497548103902277994 0.085515033198385784208 -0.091267025731293832669 -0.099280696879836261015 -0.080049712208284412585 0.99183435451814472295 -0.81591440052255082005
1520430778.127818346 1520430778.0278153419 0.97896524875923640607 0.052057099753011648602 0.19727417491164850327 -0.61387906227038246953 -0.03654833089152398351 0.99600639174377003648 -0.081458499339226719815 -0.62539694753210839373 -0.20072683236381250182 0.072534998248156179468 0.97695824516625562328 0.4816961230107183467
1520430778.2278213501
1520430778.3278253078 1520430778.2278213501 0.99834687933855614794 0.0014463571734959282389 0.057457954766016686166 0.177229223689225307 0.0082002012442622777832 0.98587236617570639385 -0.16729744263038737184 0.12493660319837744666 -0.056888181677045623896 0.16749204656353341991 0.98423073977774055976 0.97620727688937325439
1520430778.4279849529 1520430778.3278253078 0.99922617782456080171 -0.032412122985663302521 -0.022282276223086039391 0.097974975872202066385 0.030562096436563837565 0.99641594227304297604 -0.078874763045771401071 -0.88517821532894969128 0.024758913779119318122 0.078132734930287828234 0.99663547594935208984 0.45481911922202400422
1520430778.527987957 1520430778.4279849529 0.99527835393784069851 -0.067340770473529404372 -0.06990149365224160305 0.09552063543017436098 0.056952137784752762673 0.988337306207740518 -0.14122968229013721508 0.53490830755708740352 0.078596769555303425125 0.13658180621904969509 0.98750592809633941371 0.83949324637749689337
1520430778.6279909611 1520430778.527987957 0.99479857288987005859 -0.066472161724265371729 -0.077183230639699090814 -0.24815787591852486726 0.066775242468225609604 0.99776712973218384395 0.0013497478686603781028 -0.64408188895774598492 0.07692116984021715731 -0.0064966561939511779933 0.99701601145052332065 0.72358564727074792255
1520430778.7279939651 1520430778.6279909611 0.99544417913907745632 -0.036006413210533411151 -0.088286037547511964085 -0.92058427253504515608 0.039739538320131613525 0.99837276169294453254 0.040897405831002778265 -0.10724378781615950817 0.086669806231646495664 -0.044219530948612223442 0.99525523247579739117 -0.37553078054397137642
1520430778.8276422024 1520430778.7279939651 0.99796750340260609313 -0.019773406670157450682 -0.060579489441777711889 -0.90384487904568100447 0.026422773204115790335 0.99346817847561297299 0.11100817723280952121 -0.2841839045904893668 0.057988785196568054525 -0.11238323160064217499 0.991971426023160463 -0.31984987571453271649
1520430778.9276463985
1520430779.0276482105
1520430779.1276524067
1520430779.2276787758 1520430779.1276524067 0.99171944950018708909 -0.0028590080663211808742 -0.12839143100660180274 -0.12385238860340086475 0.015799593752742480124 0.99487351218789521479 0.099885272108404421498 0.71341201811271204303 0.12744766110170313578 -0.10108669951976112511 0.98668058299528094146 -0.68971289552217318608
1520430779.3276817799 1520430779.2276787758 0.99052237082644800648 -0.022588409538997211712 -0.13548135165716052031 -0.59065461969645571827 0.03419753542823500414 0.99588024141279607448 0.083982577563598809212 -0.79021201217628000979 0.1330261683391177896 -0.087819750159573051196 0.98721412571889533005 0.16337715887954112892
1520430779.4276897907
1520430779.527687788 1520430779.4276897907 0.98950597134150697354 -0.0052937971482682200097 -0.14439497356644273585 -0.46504564551357241431 -0.0078120468022648825723 0.99590696430732517097 -0.090046045826160436842 -0.59989128583257533833 0.14428064528639997222 0.090229120332189383102 0.98541453269160772521 -0.65104761175432013243
1520430779.6281211376
1520430779.7281241417 1520430779.6281211376 0.99954703881041850888 -0.01010149493844117452 -0.028349197613557593212 0.2185752989565208082 0.006530538650668910039 0.99234307976233104842 -0.12333922373983136067 -0.92781906754721188424 0.029378040612947887988 0.123098220327593183 0.99195955506357380571 -0.30228565394654405285
1520430779.8281271458 1520430779.7281241417 0.99913736142996190104 -0.022316403837640219621 0.035021580697177701058 0.36710036105087051617 0.026089987708558082247 0.99344613179400065306 -0.11128385221991621279 -0.87972232956866691644 -0.032308598486174733289 0.11210156708669272163 0.99317138154528328275 -0.30220183284453866479
1520430779.9281311035 1520430779.8281271458 0.99648826716413252402 0.037957441707809014275 0.074634884760563249828 0.77302979550033901202 -0.031219157756398607795 0.99550065825375400053 -0.089463979373398158645 -0.63395100892670586124 -0.077694900689848217512 0.08681976753793467505 0.99318972526474214035 0.023044599139830326817
1520430780.0278930664 1520430779.9281311035 0.99375451304806605712 0.041896896604978139944 0.10342445480384651613 0.61402406702836676011 -0.036671102047730719242 0.99797757993946956123 -0.051922829398680397928 -0.66783623710994199918 -0.10539069252645597019 0.047805857308821031459 0.99328112935651924342 -0.42067707985196556297
1520430780.1278960705 1520430780.0278930664 0.99451252821123137249 0.040126203675657085013 0.09661634959718005955 0.97636657772697643676 -0.040829685336883192459 0.99915198743819610971 0.0053143949415487045165 -0.20271822365088099094 -0.096321171225208640498 -0.0092300475016841940917 0.99530750936427658804 -0.074924146291724363911
1520430780.2278990746
1520430780.3279020786
1520430780.4277083874 1520430780.3279020786 0.99355574903800425446 0.01646616752176760512 0.1121420477817070549 0.48016662261549553081 -0.025650403901106233473 0.99638767653521576051 0.080954646737938396051 0.29008248581124856935 -0.11040394165626377099 -0.083309443497717350358 0.99038906813981952837 -0.82782375295203625143
1520430780.5277113914 1520430780.4277083874 0.98589809947904227805 0.071135312373177828071 0.15147509622767277304 0.11990078077285926117 -0.084365866248790569171 0.99299016319834243482 0.082782464347349316025 0.35040500679854119648 -0.14452452406323132439 -0.094394401978609709936 0.98498850694787143389 -0.92889188497939467748
1520430780.6277153492 1520430780.5277113914 0.99222742774996230963 0.095042556583320947361 0.080322126831899820498 0.41893142035638564202 -0.10833841098025909222 0.97733733830206459547 0.18186400376904979237 -0.15518622494678896429 -0.0612169937759605709 -0.18915242424759645679 0.98003767278319031675 0.89465842678921125852
1520430780.7277183533
1520430780.8279173374
1520430780.9279203415 1520430780.8279173374 0.99369774684876688298 0.06889885544169482845 0.088417959863978878854 0.89946806464537387704 -0.063547176901008917138 0.99605230336480476971 -0.061980361967147457047 -0.40854385849195379299 -0.092339288580731371248 0.055971034298923319494 0.99415325735216142355 0.15507777523427324073
1520430781.0279233456 1520430780.9279203415 0.99662585756049448804 0.072950639316865850681 0.037617871618018938751 0.77930721151931747759 -0.068916960657779191557 0.99267724611236429766 -0.099208556004342807189 -0.57159034602911162892 -0.044579732788603582128 0.096281302826837847353 0.99435534802728509085 0.25683603018327849643
1520430781.1279263496 1520430781.0279233456 0.99972183034579542582 0.019929528467561907767 0.012612526515846933517 0.64598355513568828101 -0.017659501188577009234 0.98698936043612217617 -0.15981284179835100745 -0.70544163075318078171 -0.015633424059461220601 0.15954565578841334306 0.98706675547868683029 0.29164593618727158164
1520430781.2279908657 1520430781.1279263496 0.99987016299205078163 0.011589190548473793374 -0.011195884095575342476 0.7505062478023740713 -0.013258833577456996533 0.9865544500820324636 -0.16289419988294168151 -0.63443584281548026649 0.0091575373554080019556 0.16302149455139242074 0.98658001795283445379 -0.185017656888776999
1520430781.3279910088 1520430781.2279908657 0.99855024483830123749 -0.040635248558196862545 -0.035301347112850822718 -0.71564489875259318374 0.038275322653953641749 0.99714224847745880354 -0.065133217155717515467 -0.18963625990725785364 0.03784716910290852887 0.063687619487084817793 0.99725196360546930485 0.67222798797564065065
1520430781.4279940128 1520430781.3279910088 0.9952190932844670046 -0.07057372238101716766 -0.067515228440185912073 -0.10421267324837935053 0.070274010481211082735 0.99750450109150401445 -0.0068068901178313656608 -0.47508656045964409165 0.067827131834760370777 0.0020297811401079335347 0.99769502362976292265 0.87374623249834471039
1520430781.5279979706 1520430781.4279940128 0.99491427943744459306 -0.076340325246568419004 -0.065709446145282651708 -0.12500470344993999672 0.07926268765276651973 0.9959226144320907359 0.043076355565549340199 -0.92252155710009620115 0.062153060403582163773 -0.048065588563939609656 0.99690856966848784282 0.36514079585963438168
