1520430766.9282231331
1520430767.0282251835 1520430766.9282231331 0.99734742793789044057 0.017511083593730394914 0.070650335717868550933 0.31167484054117322589 -0.014750102255946091756 0.99911410334379968656 -0.039413741042357813837 0.16083308271319451954 -0.071277924135831005614 0.038267093577750127542 0.99672217146003050381 0.93647825029661246887
1520430767.1282291412 1520430767.0282251835 0.99819162256142002221 0.019014555494806517633 0.057025707602226055615 0.30443247080571694818 -0.017875166951643359226 0.99963159590315953107 -0.020424271799830889806 0.25004747602663895956 -0.057393057547499015669 0.019367992963583186006 0.99816377303221737183 0.91912846243157642068
1520430767.2282321453 1520430767.1282291412 0.99887830276780775751 0.02601139230809948466 0.039566952496976670606 0.38586571634941546627 -0.027435128859792989875 0.9989795917357631172 0.035876022632032739113 0.18963826930228561141 -0.038593392752522104328 -0.036921305037088153478 0.99857266499249219827 0.90285379534129817092
1520430767.3277778625 1520430767.2282321453 0.99946774231116752851 0.0023817414019048563367 0.032535509636566206648 0.36986373883367956727 -0.0016724796490413303823 0.99976074637342715601 -0.021809466354576645397 0.033276519483140684641 -0.03257966990686439468 0.021743443120682735825 0.99923259944320175219 0.92848989652395241823
1520430767.4277808666 1520430767.3277778625 0.99944419147384011559 0.018590787969184736916 0.027671117286571678129 0.47865007893110489423 -0.018800013496348112751 0.99979646582226133766 0.0073202747115513749909 0.086741414302550473581 -0.02752939559342904019 -0.0078364234188995907093 0.99959027748686124504 0.87371049494900798749
1520430767.5277838707 1520430767.4277808666 0.99936851768115197991 0.011900378777879944137 0.033480544391026212381 0.53539326943062492958 -0.011989472043671706158 0.99992509389692385557 0.0024615351596641021903 0.15165046576700946801 -0.033448743293141847133 -0.0028613947947166429309 0.99943633813862209347 0.83087675577129682658
1520430767.6277868748 1520430767.5277838707 0.99880698934320744087 0.005481638439232064397 0.048523702241063226825 0.49147627706538915549 -0.0046671210657599909721 0.99984657290377465522 -0.016883383355654188462 0.10553369055761956108 -0.04860880599351702358 0.016636775306470230618 0.99867932875737774889 0.86447308184768445471
1520430767.7277712822 1520430767.6277868748 0.99859442507614781803 0.021616618688153760308 0.048393140044105165121 0.51775391771234846594 -0.021049911165750584408 0.99970411225116206921 -0.012189716486848356514 0.25798943379860611591 -0.048642321560051104967 0.011153911628065504846 0.99875398112279967222 0.81570358142022969528
1520430767.8277742863 1520430767.7277712822 0.99808478466626215919 0.044808357587566238767 0.042649427991544863747 0.48988714479116790557 -0.045379272501477621593 0.99889145776942378507 0.012513082054868340798 0.14983847415455042729 -0.042041458644269502631 -0.014424516823105165697 0.99901173620207384118 0.8588125622226265854
1520430767.927778244 1520430767.8277742863 0.99898749374528406086 0.023750650227527828062 0.03820855865229505488 0.53739886528460323323 -0.022268652204551663693 0.99900054384972136745 -0.038755909445575956185 -0.053796729144516622356 -0.039090848922848253633 0.037865815740989863802 0.9985179445201575188 0.84161058187511683659
1520430768.0277812481 1520430767.927778244 0.99841957140372494806 -0.004460591008042913419 0.056021982880480991618 0.51721342980938789236 0.003587774929461925999 0.99987076844154065824 0.015670810035803617311 0.15756083637253576191 -0.056084644146659590191 -0.015445049173818739541 0.99830654768310567171 0.84122818002394372794
1520430768.1281347275 1520430768.0277812481 0.99906688806012799997 -0.0039401344554936823528 0.043009632901530370219 0.64673940201007029671 0.0035202359199768967768 0.99994544604431523371 0.0098342704001467551311 0.12283463528947592691 -0.043046034903571506192 -0.0096736898703718016135 0.99902625521223065164 0.75275480620249668462
1520430768.2281386852 1520430768.1281347275 0.99963228507160684089 0.011639755335079132736 0.024491033833971553868 0.51733200277722202198 -0.011100946330999436618 0.99969584576197922932 -0.02202237400456183436 0.23431308168129960645 -0.024739919827547807163 0.021742402396700222234 0.99945745497492088916 0.82308260743106509416
1520430768.3281416893 1520430768.2281386852 0.99992457923369804096 -0.010465842837393865561 0.006426661498397379102 0.47628270178034859406 0.010401356306610529123 0.99989603069286248083 0.009986971094428948037 0.24139226091707677302 -0.0065305153927500136923 -0.0099193718733091573725 0.99992947672840593043 0.84550846498077891766
1520430768.4281446934 1520430768.3281416893 0.99999438867040146839 0.002760365925762509054 -0.0018981590201876952229 0.48462416853878043099 -0.002697017541902560489 0.99946473655885270659 0.03260316659040338183 0.2185727924828798352 0.00198713967518698853 -0.032597864275114823984 0.99946657298811769632 0.8469742319895757765
1520430768.5283234119 1520430768.4281446934 0.99996595257889908659 -0.00086031635730884903346 -0.0082069201738795838352 0.52715095729178551576 0.0006795927095395622175 0.99975777685646849413 -0.021998312861692653764 0.043610101300719489315 0.0082238577762646647429 0.021991986512753317062 0.99972432234716523958 0.84865188816787251458
1520430768.6283254623 1520430768.5283234119 0.99996327047257071996 0.00095934807895441120973 0.0085168865828067485957 0.57278091725548252455 -0.0010407718738962290494 0.99995375098474004183 0.0095609981411501898663 0.19741283485900465444 -0.0085073203599895230731 -0.0095695111062150950421 0.99991802161851262021 0.79558166988744760673
1520430768.7283322811 1520430768.6283254623 0.99998469491659047748 -0.002756328163780200069 0.0047971436946408485547 0.73755991607411075517 0.0028103299138418497138 0.99993235092690047061 -0.011286966624295929895 0.16146520621842774812 -0.0047657085883260341674 0.011300275432756357041 0.99992479307035631031 0.65569379849255193804
1520430768.8283324242 1520430768.7283322811 0.99972552072393461309 -0.0022491983491306211107 0.023320041167290639361 0.66456508502966582519 0.0026071826460697701544 0.99987906030374851252 -0.015331906754966609374 0.037685954255860035222 -0.023282736349232724393 0.015388498070936784679 0.99961047829402660536 0.74627944940976265187
1520430768.9283432961 1520430768.8283324242 0.99927374590086870398 0.0076410784552043142792 0.037330880960499412957 0.63474249463721410525 -0.0074078627403305757904 0.9999521982844903345 -0.0063815919358555794894 0.15078153319605502869 -0.037377858724998769269 0.0061004152364220465277 0.99928258296193539501 0.75786997219099105916
1520430769.0279479027 1520430768.9283432961 0.99946852150619025501 0.018183837205317486541 0.027055915854416523469 0.66187525851076023375 -0.018236604292757786772 0.99983224587628427571 0.0017048078646811209991 0.080597791626356482531 -0.027020377164283126969 -0.0021973098271800828307 0.99963246798382021652 0.74526850071384964647
1520430769.1279509068 1520430769.0279479027 0.99971672242186926383 -0.006968424192198713514 0.022757767341123114058 0.71221274397875622419 0.006994334846774402821 0.99997497843749505453 -0.0010591406810580971526 0.010877080217849607185 -0.022749817364680180454 0.0012180160953998596038 0.99974044743956658188 0.70187940306023022252
1520430769.2279539108 1520430769.1279509068 0.99968861806455411312 -0.01987770798233926689 0.015084549630341836934 0.65406991763493260716 0.020119581150360776878 0.99966865173393626431 -0.01605581498362248366 0.011119737373957371343 -0.014760398589314716045 0.016354310313282237332 0.99975730413318864009 0.75635236119533999499
1520430769.3279569149 1520430769.2279539108 0.99988019297094621329 0.0078878579627846417965 -0.013318460914944207918 0.84967733737370332303 -0.0086086820076004821889 0.99845133940225894165 -0.054961927185342721036 0.093984782636502936515 0.012864303264303822427 0.055069996754982961096 0.99839962197455323079 0.51885959852960628069
1520430769.427656889 1520430769.3279569149 0.99883212918293373672 0.026408841098132129765 -0.040459248927048496736 0.73415892939338778245 -0.027921252661978188114 0.9989145780213435355 -0.037283635367646165981 0.01908471436411204869 0.039430715967038398873 0.038369765809752209851 0.99848534276174105706 0.67870939294339760472
1520430769.5276608467 1520430769.427656889 0.99980450385587393836 -0.0090929190099208467846 -0.017557701825371085924 0.86717673787584470535 0.0097310423500497900129 0.9992823349793136245 0.036607674237410348095 0.23833316143644400764 0.017212230659945038092 -0.036771372318283271352 0.99917546271590307327 0.43726629123077670469
1520430769.6276638508 1520430769.5276608467 0.99964889041551230342 -0.023958418306250672813 -0.011317688955699364492 0.84816547834889066682 0.024417797627482806799 0.9988038072466197681 0.042364204095918719939 0.52914518338432281475 0.010289171495244123222 -0.042625682656352470445 0.99903812946654924065 -0.024913776076084713507
1520430769.7276668549 1520430769.6276638508 0.9998430140122553933 0.008029827985586990291 0.015794593803301171242 0.60112785647449828996 -0.0091952136121217220577 0.99712971862642285625 0.075151661848684603306 0.76282028492581699375 -0.015145803957427761421 -0.075285098754756751838 0.99704701921622951311 0.23822366187276791671
1520430769.8275010586 1520430769.7276668549 0.99912025926322856062 -0.021638417076804528083 0.035923341105599831957 0.85203938292846259639 0.0195398296061091159 0.99813835187081312306 0.057775648707578307339 0.52207725293800333333 -0.037106638068453962065 -0.057022885151731289577 0.99768305988436478682 -0.038265283268162968155
1520430769.9275040627 1520430769.8275010586 0.99816210492719126268 -0.0090553382244306646065 0.059920056216260605964 0.98879449516684991828 0.0068914312803666916141 0.99932001177137541603 0.036221847663605255541 0.13100276416891495912 -0.060207312365082699124 -0.035742340758526086608 0.9975457706866757146 0.071580179573945440508
1520430770.0275080204 1520430769.9275040627 0.9946712148310150603 0.044390894145756476519 0.093051721658081787414 0.98782929363627824948 -0.046441668987618728304 0.99872097405577997531 0.019989681406137153885 0.14780440770792557803 -0.092045346260619498313 -0.02420463794430009058 0.99546059175325873891 -0.048447329092129745587
1520430770.1275110245 1520430770.0275080204 0.99052212110047621607 0.064990465089986695912 0.12100482245762106404 0.98832418572057212369 -0.069747690212228541373 0.99693285126610486913 0.035498588373263459395 -0.12830456677472390492 -0.11832661290120935482 -0.043601943922517573393 0.9920169772566925781 0.082178111833496755856
1520430770.2276017666 1520430770.1275110245 0.99288238769757097835 0.04231728126589506811 0.11132749842798539408 0.93713351244179943222 -0.039343236401870429475 0.99881126479528181683 -0.028777891991524681692 -0.32012461510758405403 -0.1124129616609957083 0.024193078024766556666 0.99336701224989909509 0.13892807729439188291
1520430770.3276059628 1520430770.2276017666 0.99745503771925503322 0.047286721007387844118 0.053361163263641653298 0.60124544768976417863 -0.044699432827176754923 0.99781368149037508175 -0.048680773777262487112 -0.53467385380968035502 -0.055546452932732359731 0.04617166931131871932 0.99738797291705805215 0.5938247061925254755
1520430770.4276089668 1520430770.3276059628 0.99875913737242083545 0.047465196270961046432 0.015074503575808195777 0.43229208061514717842 -0.04625003325840587598 0.99628047718752732465 -0.072705881458030030551 -0.5857738547358530834 -0.01846943254932981171 0.071918467155188403606 0.99723949688294710736 0.6855600251949689472
1520430770.5276119709 1520430770.4276089668 0.99894736514643511782 0.034080268692011611575 -0.0307033703829861504 0.20088030334079345907 -0.037363151163075397632 0.99282283876514654253 -0.11360812365971284521 -0.71574261925960624975 0.026611211963375847045 0.11463571045793591319 0.99305110507246530105 0.66884946490604979541
1520430770.6277694702 1520430770.5276119709 0.99585219497040144976 -0.028466666951122668316 -0.086417906971459845789 0.099554623244594256382 0.01747808160728696325 0.99195905741041179304 -0.12534650008985653846 -0.48546395175260309562 0.08929122261433664054 0.12331616801596301247 0.9883421473709881333 0.86856987545008357277
1520430770.7278375626 1520430770.6277694702 0.99443756528962079511 -0.043484525819831462701 -0.095932396796261920624 -0.36136803730823152669 0.031985784326670901878 0.99246248847730400566 -0.11830096604189277443 -0.40048482780991484509 0.1003535666623700251 0.11457445168824420545 0.98833286734706904397 0.84203624880765004512
1520430770.8277754784
1520430770.9277784824 1520430770.8277754784 0.99123519392356884694 -0.10267375791696242704 -0.083131761454416142065 -0.56510963248228296418 0.10224573050472479663 0.99471474748073895888 -0.0094011561993695424988 0.64218217175589342727 0.083657641138512012224 0.00081888921033673733874 0.99649421899958912086 0.51793161860869629809
1520430771.0275917053
1520430771.1275956631
1520430771.2275986671 1520430771.1275956631 0.99850189454145621415 -0.0473644182744742126 -0.027396687366228432425 0.15589126567230285336 0.049240726418419755728 0.99615660696399233043 0.072438700041978179578 0.97149439407559023962 0.02386037424074782809 -0.073679212017406847668 0.99699651767575647732 -0.17859606817281456492
1520430771.3276016712 1520430771.2275986671 0.99986317967706739296 -0.010833112897586927303 -0.012500623624969162129 0.26807844760733506861 0.011754449600597571823 0.99702700837929314481 0.076151017569198856116 0.94634207914582169074 0.011638506805085151175 -0.076287536512759157592 0.9970179321016059415 -0.18047330873679140462
1520430771.4274377823 1520430771.3276016712 0.99981996368599412861 0.0044919584966799375181 0.018435360690840396636 0.47262315771073976078 -0.0057820017976380477798 0.99749283026580470857 0.070531000443255775778 0.57215451059186217542 -0.018072317785757074926 -0.070624895590567671189 0.99733921784549917078 -0.67027350149391740075
1520430771.5274407864 1520430771.4274377823 0.99755165053611494219 -0.020353839520668437491 0.06690609635481031825 0.73159888952116258753 0.013735578284464866616 0.99509849418023543777 0.097930183137881238187 0.43321707480269333601 -0.068571410965967638518 -0.096771421902308057961 0.99294171707162259821 -0.52638961896184754963
1520430771.6274437904
1520430771.7274467945 1520430771.6274437904 0.9949548846288327475 0.052601189666390511801 0.085427702760326240661 0.82987997754929321292 -0.054004374318578594882 0.99843977269647510298 0.01419675499083884046 -0.00013977965254782787063 -0.084547649924081647033 -0.018738600361058867921 0.99624322318840574653 -0.55794193544170300747
1520430771.8276815414
1520430771.9276845455
1520430772.0276875496 1520430771.9276845455 0.99712038986113027406 0.029792524792205676842 0.069737605276448649816 0.65098484321841709743 -0.024806281466728752338 0.99714604078980928481 -0.071305131210888050841 -0.75426315555173217842 -0.071662936884985539709 0.069369869566796152349 0.99501369069641676379 -0.085474125190237157379
1520430772.1276905537 1520430772.0276875496 0.99979681114675555964 0.0046658590849737169304 0.019610358991558426989 0.18486951771093240726 -0.0022929395624359805161 0.99285241855262185151 -0.11932651592321158462 -0.97404817029082824131 -0.020026953061852210969 0.11925730473731407932 0.99266138054114383404 0.13058875669221009508
1520430772.227789402 1520430772.1276905537 0.99941621858275864199 -0.034019096067836790409 -0.0031501010248020377968 -0.25112758858111883242 0.033301988113495245569 0.99062032346257566928 -0.13252302566191884181 -0.96022517350415703685 0.0076288676373225602911 0.13234075655529659032 0.99117492125908002176 0.12207600264729644157
1520430772.3277935982 1520430772.227789402 0.99854309722203660193 -0.053538686170148674925 -0.006729938587924422233 -0.58905982781231192025 0.052580348400744603143 0.99343742427935088912 -0.10157455883864643931 -0.75788624433929752122 0.01212394128487939704 0.10107271206603535285 0.99480516530792983954 0.28038716072424679782
1520430772.4277954102 1520430772.3277935982 0.99587215922616556529 -0.090049361027999708096 -0.011391007710622166882 -0.7655157219010370051 0.089086614538603836611 0.99374433481491442066 -0.067348141275863943056 -0.60893764407719674914 0.017384406468578639249 0.066055352559141175539 0.99766450914624749124 -0.20779948303123249587
1520430772.5277984142 1520430772.4277954102 0.99450595367834315752 -0.10352022490146622902 -0.015539341513699192476 -0.92382120307910919887 0.10315034782662160784 0.99440052654773125607 -0.02296951337841828672 -0.36183009049005609992 0.017830138574238610372 0.021240429325796610083 0.9996153911982744722 -0.12503347694687880209
1520430772.6277673244 1520430772.5277984142 0.99679695017790281852 -0.076156852195752286483 -0.024412578308443511066 -0.93972599735735440341 0.076553038568643386186 0.99694148683185013216 0.015725905996401664394 0.018524337637932694611 0.023140276617606370113 -0.017544392184803900281 0.99957827202322002691 -0.34142627140541126352
1520430772.7277703285 1520430772.6277673244 0.99980792357358616584 -0.0094980314681981092839 -0.017143609821237193458 -0.87710520557848958845 0.010569985552196459189 0.9979219937713188493 0.063560756390263248305 0.23445367599614977405 0.016504283228909455428 -0.063729755575438626347 0.99783071053630845171 -0.419187228048526761
1520430772.8277733326 1520430772.7277703285 0.9996341225128353436 -0.0019848367226643626182 -0.026975572860970353783 -0.79390558055545068505 0.0041250050610126542949 0.9968251406029829953 0.079514925612048203973 0.48267390377566454784 0.026732105065627898011 -0.079597107265448552305 0.99646861218692328599 -0.36978349311032343572
1520430772.9277763367 1520430772.8277733326 0.9991483843183159852 0.013224015924100551711 -0.039084926978797562835 -0.72878549587920393726 -0.0092907646950036726352 0.99502873524170099007 0.09915390932627425602 0.61971021739330001132 0.040201838334594813817 -0.098706339442510435123 0.99430421438731675376 -0.29125752772152058157
1520430773.0276851654
1520430773.1276881695 1520430773.0276851654 0.99566034988930429694 0.016025272212597141408 -0.091671469437444419448 -0.56532715859873339248 -0.0097602501660828955288 0.9976111548388353345 0.068386557581306683939 0.82307947867230701888 0.092548393692184927062 -0.067195047374326979939 0.99343828214608176363 -0.054271314146670579515
1520430773.2276911736 1520430773.1276881695 0.99060009375611057791 0.00079189768958382034114 -0.13678752555856049655 -0.75859066393078689039 0.0084325894410582913352 0.99772780564237029122 0.066843977166076484764 0.34804001469833750759 0.13652965130587224607 -0.067369123091440052953 0.98834258006431496835 -0.55082515625725347874
1520430773.3276941776 1520430773.2276911736 0.9892962740357830187 -0.0066597066805549054447 -0.14576875689202334341 -0.81113885908910510203 0.014583864327529616478 0.99846882659638858115 0.053360221293649631735 0.25944716580308013754 0.14519019622616791132 -0.054914939881238300501 0.98787861415137789844 -0.52415734224789212181
1520430773.4276952744 1520430773.3276941776 0.99223914538020330234 0.0071204325957582512152 -0.12414015391811406008 -0.90131444875912858361 -0.0010252793718217370622 0.99879364275422322095 0.049093869229862814596 -0.03712447400532445374 0.12433996613065922965 -0.04858558050901956582 0.99104945093028939951 -0.43157159068670836177
1520430773.5276992321 1520430773.4276952744 0.99120614221814684619 -0.0079826099642794079436 -0.13208581137721345233 -0.93884733591735591851 0.01241913036365174805 0.99938482193788980013 0.03279851949681879264 -0.23521955086794599232 0.13174273729518926057 -0.03415048489159074746 0.99069551101821418104 -0.25147056036515447186
1520430773.6277031898 1520430773.5276992321 0.99166558203945975869 -0.060323319918760831548 -0.1138440620863417907 -0.93509406090662994249 0.060235295427121804401 0.99817530205070603699 -0.0042161073029082229979 -0.35397118110484060427 0.11389066064935859934 -0.0026764622099149449133 0.99348968488197775262 -0.017421257256376040945
1520430773.7277052402 1520430773.6277031898 0.9932821960720250587 -0.093653405661400956905 -0.067967040353073659986 -0.5071087058265885128 0.091576880742844812833 0.99524916844526223336 -0.033057035898954034714 -0.68383971477655414173 0.070740044386090161765 0.026610755664487006911 0.99713976643358215313 0.52459889913075863355
1520430773.827709198 1520430773.7277052402 0.99638918966566702995 -0.082311019890104530905 -0.020820151825715060845 -0.49840622426729219718 0.079956792095120243768 0.99216719552381660296 -0.095974827555261821299 -0.73734519820256949618 0.028556857587150069611 0.093963568105171868527 0.99516599306532360636 0.45597510271859753583
1520430773.9280693531 1520430773.827709198 0.99902754975977137164 -0.039219158089526723332 0.020144787408565234532 -0.29549175443338371316 0.041521287706256931882 0.99055769660208059513 -0.1306576915822221796 -0.7748208653948952529 -0.014830289552191455726 0.13136707099242728169 0.99122285847869173736 0.55887140704332649577
1520430774.0280723572 1520430773.9280693531 0.99595049014924474928 0.035199288107837817252 0.082726243044034322716 0.05404695778505614473 -0.02323092298768977132 0.98967717999250148786 -0.1414192476971566359 -0.69573547981244643346 -0.086850131770880065196 0.13892476207930376519 0.98648718445430882973 0.71626187144390485173
1520430774.1280763149 1520430774.0280723572 0.98770919901495712878 0.072462271588366516939 0.13849100107041378838 0.14761368481558159726 -0.059028027260437793133 0.9933582379288590225 -0.098767925647007759338 -0.32929169646960704254 -0.14472812504476306739 0.089379138142665209843 0.98542637446229408571 0.93261845290093514649
1520430774.2280783653 1520430774.1280763149 0.99039537625583617952 0.076820771907824159097 0.11495898266141052479 0.36774779807226931627 -0.070932652578392429987 0.99599287666803282271 -0.054467865982889218657 0.098930027981574519824 -0.11868259134874600824 0.045790377046088820423 0.99187584096031067293 0.92464826100337338399
1520430774.3281364441 1520430774.2280783653 0.98989498607500248095 0.12030692310255902688 0.075061047136082525988 0.43442536341823839718 -0.11954505740731588559 0.99272174299924420549 -0.014578073467511887262 0.63194723957383003299 -0.076268576707919477631 0.0054575846431866303909 0.99707237399138204381 0.64180782950502213158
1520430774.4281394482
1520430774.5281424522 1520430774.4281394482 0.99789351105927737162 0.056618019234009442364 0.031669235605001018474 -0.087129968102622440407 -0.059541115772230743253 0.99314399209147974368 0.1005975472126276471 0.96733963007292500524 -0.025756477212257558596 -0.1022712612155357581 0.99442304529360037169 0.23803867070039885778
1520430774.6281454563 1520430774.5281424522 0.99584485096759467471 0.062853092883096650656 -0.065897811165155195656 -0.39326136203586747886 -0.059317574036599041154 0.99676108620404990646 0.05430250859523601259 0.90762243005932219386 0.069097454451970879985 -0.050167975286550453573 0.99634768833169184976 -0.14685716047542882179
1520430774.7276825905 1520430774.6281454563 0.99636149536925500136 0.020425684133594967928 -0.082743954300103284005 -0.70092291837755038575 -0.011091920827566603691 0.99367672058483580422 0.11172978233274105664 0.63851947059146518804 0.084502898399391956907 -0.11040546361227490668 0.99028778330678246533 -0.31780489009562740144
1520430774.8276855946 1520430774.7276825905 0.99368674257621081303 -0.0049351082105335564165 -0.11208167707181010408 -0.77083116117150596303 0.017471388815387456361 0.99365061627743167527 0.11114496544757121455 0.3720681165024932735 0.11082151506427256882 -0.11240150122854487835 0.98746366734195745174 -0.5170924846188298396
1520430774.9276885986 1520430774.8276855946 0.99247670878076010847 -0.0075040978733533214573 -0.12220340029155342398 -0.98470998775583518103 0.016158612854098960976 0.99741720670332678633 0.06998439113662938138 -0.051678501157949516265 0.12136260444775343048 -0.071432515616073000153 0.99003460240257157299 -0.16635976836955218561
1520430775.0276916027 1520430774.9276885986 0.99099015282508695623 -0.037447304486323919337 -0.12859322062387065766 -0.99114403616345647663 0.038345384808138913146 0.99925434798119394664 0.0045143664666233507612 -0.07713491103371179769 0.128328283973669105 -0.0094046492432077188894 0.99168715031757137535 -0.10809118871320944066
1520430775.127851963 1520430775.0276916027 0.99306628383650030756 -0.054893616628160168958 -0.10395213687387026835 -0.91501353029245346971 0.052743955244241913505 0.99833577436507681124 -0.023318593612723783476 -0.39825279536158186833 0.10505917900096448103 0.017674062248462435454 0.99430890392839210712 -0.064381288962145427623
1520430775.2278549671 1520430775.127851963 0.9945544718024303954 -0.063966804559424328414 -0.08227788604628552549 -0.76735926709848378824 0.059119638762367698881 0.99644255205401199849 -0.060059210523410150318 -0.61908829621705518953 0.085826982531114648367 0.054867917497792462189 0.99479809041787858881 0.16700130743542523915
1520430775.3278579712 1520430775.2278549671 0.99614026515455056376 -0.086252477484741130187 -0.016281347166789111869 -0.47877504560596367833 0.08412731485066377024 0.99108956860727015492 -0.1032669448268503376 -0.80672481985409028038 0.025043303173474307233 0.10149865578222583284 0.99452041499436427685 0.34636616569230843643
1520430775.4278619289 1520430775.3278579712 0.99929766688600718538 -0.023074096447773112528 0.02952556568977060536 -0.29404114302486128452 0.025287891232090159432 0.99671460535785194601 -0.076944902517161739564 -0.81281935519381309785 -0.0276531284526014276 0.077637500857900054729 0.99659807492655905214 0.5028563433337069899
1520430775.528181076 1520430775.4278619289 0.99787691800218458749 0.017053566856814292296 0.062855647128336175622 -0.049739696585432369158 -0.010844565314575303761 0.99514398265327241866 -0.097830717017313828521 -0.71663262263080751424 -0.064218781688846232614 0.096941372212507814776 0.99321614889809184401 0.69567495769567577746
1520430775.6281850338 1520430775.528181076 0.99563745484480092873 0.036282415824601899068 0.085963043292442420373 0.23735502324329638135 -0.026854797166373511885 0.99374527103176268916 -0.1083935245813210102 -0.47701165168045694953 -0.089358146686917133694 0.10561213284438103477 0.99038436933179674337 0.84624020059452220721
1520430775.7281880379 1520430775.6281850338 0.99129002961589807175 0.062544779203423411795 0.1158974882320878419 0.39722994523024240943 -0.054062859332287778458 0.99572154431750548031 -0.074938731126026947305 0.048511002835299132929 -0.12008865235703669594 0.068020267394040101472 0.99043018875573152204 0.91643606062632199105
1520430775.8281910419 1520430775.7281880379 0.99354272105135033044 0.065006531981602166947 0.092989312534310808456 0.52810636348516537542 -0.063764518459455021837 0.99783235278631032816 -0.016269047869198194345 0.30028175072857365979 -0.093845338890712282076 0.010234575353251840202 0.995534181148907793 0.79431387941156961219
1520430775.9279098511 1520430775.8281910419 0.99604777696564450462 0.061303631827386351194 0.064270449870610257825 0.27490591706835831864 -0.060072411378354256817 0.99797479511093101223 -0.020919218782867343709 0.64556355937137588352 -0.06542271312769099012 0.016975660460433694698 0.99771323312810877848 0.71251275607708608462
1520430776.0279128551 1520430775.9279098511 0.99855520810789200059 0.034313234925402391617 0.041353334443052502944 0.35329682561090935966 -0.034319478398057934321 0.99941075678021451534 -0.00055913726808615171748 0.86255702674462464419 -0.041348153079551711042 -0.00086089543701123316666 0.99914442854672247396 0.3621832804350969548
1520430776.1279158592 1520430776.0279128551 0.99777355840392434327 0.049242862451313873517 0.04497851317653073222 0.21841638740237528937 -0.053053403590235553855 0.99471760227774208563 0.087876208875390243724 0.96727288174798542464 -0.040413642714582628801 -0.090066820841087871785 0.99511542308725042805 0.12914121708054024373
1520430776.2279188633 1520430776.1279158592 0.99885443966036435715 0.040924468065726242461 0.024799118619767024363 0.070983954032927204514 -0.043282155807853071872 0.99368858840990104131 0.10348741108252257348 0.92530294709545957144 -0.02040743392503454115 -0.10444221932473313208 0.99432155737624405845 -0.3725261525937589302
1520430776.3276269436 1520430776.2279188633 0.99998259743515227616 0.001406344115276361717 -0.005729487156465229783 -0.11098333778079945422 -0.00085404275928435691156 0.99544994930224528495 0.095282049962843951008 0.98697649165615997102 0.0058374170496879578679 -0.095275498583769935301 0.99543382699795868174 -0.11644785808734450794
1520430776.4276299477 1520430776.3276269436 0.99935247437138730042 0.01357972489087425072 -0.033320009598965444342 -0.22081819820335996107 -0.011119331143832844599 0.99727387778547249564 0.072946371819575972495 0.84179628259577643501 0.034219766841705787086 -0.072528640953862355545 0.99677911484876358106 -0.4925630334791205045
1520430776.5276329517 1520430776.4276299477 0.99761431580881287928 0.046550728975279787036 -0.050977509993958503021 -0.60707454123856952055 -0.043330571615412538655 0.99710086266168207469 0.062548631022679768154 0.70432237052075163941 0.053741403561832157276 -0.06019052509489961067 0.9967391645922241139 -0.36795448055976898161
1520430776.6276359558 1520430776.5276329517 0.99468127442891840495 0.029006058086907204885 -0.098832236111103921594 -0.77684902604943284476 -0.025018706564103376788 0.99883151643197931602 0.041348108832831353965 0.32585551216609726088 0.099916097913806012354 -0.038655534874728336714 0.99424469976018814421 -0.53881701524452341179
1520430776.7279918194 1520430776.6276359558 0.9912355422284949702 -0.028436163296810257339 -0.12900962925278031124 -0.6690241928058212606 0.027446903414421686129 0.99957868923806003636 -0.009439889516388022539 -0.39254612173741249004 0.12922371034737384354 0.0058162391697235138466 0.99159840865441983837 -0.63112136055550827063
1520430776.827994585
1520430776.9279975891 1520430776.827994585 0.99694226428333465595 -0.06748974666625501273 -0.03938598456992636887 0.063557283113399198893 0.063404188432599914438 0.9932536297931112701 -0.097093438460136904933 -0.97457743430553389619 0.045673083701685233959 0.094299315998228411262 0.99449565530848094141 0.21484714637547719374
1520430777.0280005932 1520430776.9279975891 0.99788066013240972474 -0.061382890752223751019 0.021594648795621625148 0.024370177070612550341 0.063830766279073941627 0.9878667677942500891 -0.14157995043072646446 -0.864117950483000552 -0.012642049277388281436 0.14265829737747914852 0.9896912593225356547 0.5026989776422916556
1520430777.1279613972 1520430777.0280005932 0.99949843129520365981 -0.013119738500535715886 0.028822878067687546233 0.44712023464486477797 0.016711629640205616365 0.99161456050421037389 -0.12814556110459005001 -0.87739194267312725639 -0.026899949315859691956 0.12856296456491342339 0.99133644988423841315 0.17397377590716572859
1520430777.2279644012
1520430777.327968359
1520430777.4279713631
1520430777.5276198387
1520430777.6276228428
1520430777.7276258469
1520430777.8276879787
1520430777.9278123379
1520430778.0278153419 1520430777.9278123379 0.99299177733426158277 0.042950695298751701001 0.11010253366702299482 0.9820688580164260717 -0.040533907099534610685 0.99888756325940120107 -0.024096438345568706868 -0.10366034381748712168 -0.11101501034450458882 0.019464679269109053106 0.99362809629114257071 0.15746520642336420126
1520430778.127818346
1520430778.2278213501
1520430778.3278253078 1520430778.2278213501 0.9994241414927371725 0.010153326319879807382 0.032377389736470557624 0.43134826702839729196 -0.005798298275328295226 0.99125037754137379498 -0.13186761831926097077 -0.83628025921745174909 -0.033432994759901302206 0.13160394746635062369 0.99073842959312841128 0.33848781451448167745
1520430778.4279849529 1520430778.3278253078 0.99928073408661155508 -0.031021612156011083017 -0.021809953291232954398 0.073103286270557593651 0.029227017978683204891 0.99650339151223865652 -0.078273700082976849224 -0.89298006468484081299 0.024161868789428102289 0.077579960581634854755 0.99669330980635839623 0.44411993156342638445
1520430778.527987957 1520430778.4279849529 0.99459589202142417719 -0.069561383565276996288 -0.077072858326339185875 -0.2200066595502647715 0.064118194195984551387 0.99541474158898202163 -0.070981331351176901734 -0.86661068983038413993 0.081657018970530403923 0.065655968074684101232 0.99449556314194909046 0.44786491492998142805
1520430778.6279909611 1520430778.527987957 0.99445776640250571621 -0.063828926551444953308 -0.083544113958011034793 -0.73666413958354370894 0.061263963820682609818 0.99757869474471494442 -0.032916174267509173967 -0.63182385940061769336 0.085442832225511883282 0.027615501565628391978 0.9959602936335173462 0.24109034850807559147
1520430778.7279939651 1520430778.6279909611 0.99572800948382655939 -0.038691891567862124468 -0.083837155583173755824 -0.8999279514195500651 0.041376525133172109561 0.99867725672412444027 0.03052408999268148293 0.25936038986004322782 0.08254522576915315768 -0.033862581544798570077 0.99601185297858818579 -0.35051657653448914376
1520430778.8276422024
1520430778.9276463985
1520430779.0276482105
1520430779.1276524067
1520430779.2276787758
1520430779.3276817799 1520430779.2276787758 0.99365621645552515417 -0.0079905167205206184544 -0.11217608988474087051 -0.88981458555853820691 0.014966188464109964062 0.99799601774814461486 0.061481393621980448549 0.16545232925871328211 0.11146002288779205402 -0.062770217471211892102 0.99178453461246762757 -0.42527112536610467419
1520430779.4276897907 1520430779.3276817799 0.98991164842684442604 -0.026886519632113276002 -0.13911162198364218634 -0.58962068331484718264 0.024647494479762693809 0.99953784331768280591 -0.017793279397160938204 -0.22450714571340635306 0.13952572997378603903 0.014185021604049885546 0.99011683948783280051 -0.77585049547638496037
1520430779.527687788 1520430779.4276897907 0.99016206390112793123 -0.015270414308248492219 -0.13908954546590890367 -0.34601266288601123522 0.006183837169193573402 0.99783155053083305575 -0.065528291013106365615 -0.87512366041987099674 0.13978858096755836238 0.064023520772352959796 0.988109377254860477 -0.33828067650378468301
1520430779.6281211376 1520430779.527687788 0.99475129714064602915 -0.0045089638949604091134 -0.10222292346434042054 0.058251091707703137046 -0.0040280482679092635689 0.99652859042378849619 -0.083153732899546223267 -0.99149245645654626724 0.10224300300829311516 0.083129042533711602903 0.99127994563759569413 -0.11640240162739402818
1520430779.7281241417 1520430779.6281211376 0.99934351032461532505 -0.013203752369274623923 -0.033737357564674497201 0.28558721833217032282 0.0094497747379325147676 0.99398577859962722325 -0.10910075022241945419 -0.9582715044214787925 0.034974992916055769321 0.10871031627708262202 0.99345800968408237708 -0.012476559585411401559
1520430779.8281271458 1520430779.7281241417 0.99917496681779460754 -0.022915366586861829479 0.033530160435783662454 0.48680092099151461849 0.026249295556146079456 0.99437315765277101143 -0.10263039424295036794 -0.87133763230389271737 -0.030989678402101969446 0.10342586385352142697 0.99415427903252895359 -0.061608391091304733067
1520430779.9281311035 1520430779.8281271458 0.9965212389344746402 0.03663307240342977833 0.074856117711144268267 0.77506984945477330751 -0.029933110539761442759 0.99560454621573679646 -0.0887445572864699328 -0.63183688971184015504 -0.077778076897761103115 0.086195159729779466384 0.99323761768936413841 0.0069909416692666426218
1520430780.0278930664 1520430779.9281311035 0.99419576040334922684 0.04166321106613080083 0.099191566373687006797 0.92511194687812914328 -0.034826116942809737242 0.99696064349394841742 -0.069689431787167854804 -0.33394861974403039495 -0.10179357334671126911 0.065830480537450067335 0.99262501291148019789 -0.18068260877686886934
1520430780.1278960705
1520430780.2278990746
1520430780.3279020786 1520430780.2278990746 0.99558534930234232618 0.030675406750468869888 0.088706435365346614219 0.78392346599445883459 -0.03743907769034127142 0.99643377249343867419 0.075617805417711389526 0.52851125171430779481 -0.086070481096771622731 -0.078605066345545232531 0.99318332438104461879 -0.32579112368910556619
1520430780.4277083874
1520430780.5277113914 1520430780.4277083874 0.99379157366581472033 0.041221014935483635266 0.10333990535370096708 0.81180058818803768617 -0.047571905792086643938 0.99707833718549609969 0.059763728922439876556 0.57087429142754930744 -0.10057445943246264008 -0.064308766456018157109 0.99284901201883346555 -0.12281021294928784471
1520430780.6277153492
1520430780.7277183533 1520430780.6277153492 0.98994293787164755472 0.020610019890663744402 0.13995787522736202746 0.9987300722436897038 -0.025364671012939404848 0.99915717278646676291 0.032273480347789443301 0.037059119260749770475 -0.13917475784946325978 -0.035498889411645813408 0.98963135339786134637 -0.034130110983295505744
1520430780.8279173374
1520430780.9279203415
1520430781.0279233456 1520430780.9279203415 0.99649896021608619368 0.07246939817207848078 0.041689430517048819969 0.75350703120345341457 -0.068035292838106498081 0.99271745127006583154 -0.099414590842079014754 -0.59842869681557131489 -0.048590340775634066617 0.096230183790958045975 0.99417238470542246276 0.27223197599579573858
1520430781.1279263496 1520430781.0279233456 0.99962762859138276639 0.02141371779929451824 0.016913215152081273462 0.5676348784386630042 -0.01850671090754330006 0.98750919145992721582 -0.15647075903677756803 -0.6869493616789787982 -0.020052576097674301714 0.15609948581649085719 0.98753776875604803998 0.45375237659847883487
1520430781.2279908657 1520430781.1279263496 0.99995534139961406161 0.0063716262446461835456 0.0069797983767382054676 0.29073815181672402197 -0.0055657808613008841192 0.99392246567727426942 -0.10994159497392763658 -0.80409618752947531473 -0.0076378851644519907271 0.10989783710795114624 0.99391354156647326867 0.5185563115793290212
1520430781.3279910088 1520430781.2279908657 0.99841348892954451255 -0.048176933350102618681 -0.029145981138302076013 -0.016229001451101759956 0.047294984289183522597 0.99842347697705247089 -0.030228216654945516684 -0.77977011465465961848 0.030556334607088894012 0.028801800534553279043 0.99911799438372017601 0.62585556464999070325
1520430781.4279940128 1520430781.3279910088 0.99608248982315639175 -0.058745053576481021107 -0.066096082697837788 -0.70326775587056056249 0.058396633555599486431 0.99826754765685832282 -0.0071928078337944456599 -0.54735647891582162039 0.066404116266056467666 0.0033048412151398254277 0.99778733774660977041 0.45366876522597354704
1520430781.5279979706
1520430781.6277439594 1520430781.5279979706 0.99692423300465460301 -0.023631667380975662773 -0.07472361035761035386 -0.52804929599852845623 0.027438541236475433305 0.99835531501657071018 0.050336780121277194255 0.8213645911768686636 0.07341117151289226761 -0.052232262778463739439 0.99593302516893500442 -0.21569457423939406016
1520430781.7277469635 1520430781.6277439594 0.99474079228677325659 -0.011076038282244404787 -0.10182375723107367493 -0.53870490803240789202 0.018979620448052125781 0.99685178877651670071 0.07698236954463288928 0.77777743191123116517 0.10065053486360708845 -0.078510079537781912729 0.9918193571627046401 -0.32381983952711335117
1520430781.8277499676 1520430781.7277469635 0.99223727946280571022 0.0028365446836804419917 -0.12432672785248989611 -0.31088357705957858634 0.010836507103949899466 0.99396485169697501583 0.10916246472481361263 0.93760553188512940626 0.12388604182084284044 -0.10966233448758794244 0.98621824209284247864 -0.1557153431523194409
1520430781.9277529716 1520430781.8277499676 0.99306275626084083985 -0.044418999208699794234 -0.10887292885248955887 -0.58385969300965900874 0.055027947196643944849 0.99381449847637148842 0.096460705188596645998 0.73679522811685238537 0.10391480719774776054 -0.10178258754549121545 0.98936445141191475816 -0.34094083167450356386
