1520530308.549507618
1520530308.6495554447
1520530308.7495589256
1520530308.8495619297
1520530308.9495649338
1520530309.0495679379
1520530309.1495673656
1520530309.2495834827
1520530309.3495864868
1520530309.4495904446
1520530309.5495934486
1520530309.6495988369
1520530309.749601841
1520530309.849604845
1520530309.9496078491
1520530310.0496230125
1520530310.1496269703
1520530310.2497289181
1520530310.3496329784
1520530310.4496266842
1520530310.5496296883
1520530310.6496326923
1520530310.7496356964
1520530310.8496520519
1520530310.949655056
1520530311.0496590137
1520530311.1496620178
1520530311.2496728897
1520530311.3496768475
1520530311.4496788979
1520530311.5496828556
1520530311.6497192383
1520530311.7497222424
1520530311.8497252464
1520530311.9497282505
1520530312.0497205257
1520530312.1497235298
1520530312.2497265339
1520530312.349729538
1520530312.449712038
1520530312.5497150421
1520530312.6497189999
1520530312.7497220039
1520530312.8497195244
1520530312.9497234821
1520530313.0497255325
1520530313.1497285366
1520530313.2497358322
1520530313.3497385979
1520530313.449742794
1520530313.5497457981
1520530313.6497449875
1520530313.7497479916
1520530313.8497509956
1520530313.9497539997
1520530314.0497570038
1520530314.1497647762
1520530314.2497677803
1520530314.3497707844 1520530314.2497677803 0.99990866513105980395 0.0014022727571524583323 -0.013442285034059531235 -0.97930322269731906459 -0.0014301560295167624337 0.99999684540075528538 -0.0020649073270660790215 -0.0097232870946251503258 0.013439347065746481968 0.0020839432940178911902 0.99990751628877871937 0.20216492203822380991
1520530314.4497737885 1520530314.3497707844 0.99983406419938369858 -0.0030315112042942349291 -0.017962572375952251535 -0.95557662507537577401 0.0030114602330704731692 0.99999481207812557226 -0.0011432078109619159267 0.20901287379113847598 0.017965944834817865194 0.0010889245394645752363 0.99983800641380904395 0.20781465828743794777
1520530314.5497763157 1520530314.4497737885 0.99968934965554856475 -0.0077443752846385605082 -0.023690268819020532387 -0.92639723831845333102 0.0081386147553086096718 0.9998292444126195555 0.016590508345264112777 -0.20508554117214286561 0.023557740450464548232 -0.016778160469499772689 0.99958167560041233379 0.31579752633304808418
1520530314.6497793198 1520530314.5497763157 0.99944686950259664648 0.002028526286290133207 -0.03319397720318578715 -0.73152901015544335994 -0.0017393604261589090676 0.99996031060587975414 0.0087379538966963765656 -0.45889341944912426241 0.033210384923509861377 -0.008675384377577310957 0.99941073040023620244 0.50426395557018344196
1520530314.7497823238 1520530314.6497793198 0.99936926948384918745 -0.0093034410241963905186 -0.034271113148347409627 -0.80708692288655192737 0.0092637921111934362628 0.99995622481274548665 -0.0013155280166926575092 -0.47884154694231589877 0.034281851861271250836 0.00099721780540226734324 0.99941170705050841327 0.34542940208877259689
1520530314.8497843742 1520530314.7497823238 0.99927435426932942342 -0.016070355463426000409 -0.034532717455975248111 -0.73720787807594168051 0.01553608444327209126 0.99975628370780489362 -0.015684491286964460932 -0.65548311631075029116 0.034776356620362117167 0.015136606688372564178 0.9992804852283342365 0.16390981890757763684
1520530314.9498124123 1520530314.8497843742 0.99934359213529777577 -0.017844302274626244742 -0.031527222117582603955 -0.36984954093742089531 0.016068714472904088719 0.99831813729881568875 -0.055701823627339552836 -0.92247687100038755492 0.032468157836685197781 0.055158658581901089113 0.99794956842023718746 -0.11066950590706386981
1520530315.0498154163 1520530314.9498124123 0.99957161425444795988 -0.026398923282830055737 -0.012636646163637771378 -0.60245263032515772306 0.025732097254349550752 0.99840240464873430959 -0.050304051154130752233 -0.7738142497550631882 0.013944430703704449592 0.049957334207621384436 0.99865400295158168742 0.1956076048887350205
1520530315.1498184204 1520530315.0498154163 0.99997621955384263792 -0.0021142324835740633482 -0.0065643238654135849242 -0.38384308698618430089 0.0019857067963386931808 0.999807405172511654 -0.019524587850409780287 -0.80580735418002558124 0.0066043391284528740748 0.019511088724486758128 0.9997878275521568936 0.45093125032792247264
1520530315.2498214245
1520530315.3496370316
1520530315.4496400356 1520530315.3496370316 0.99998922209505713976 0.00040637835292040014323 0.0046249919305213493814 0.36589041844776637458 -0.00055532287158160942298 0.99947972123361827901 0.032248697016733177123 0.92561969235058616512 -0.0046094804730494876033 -0.03225091780714132994 0.99946917460738382566 0.096707739198706454964
1520530315.5496430397 1520530315.4496400356 0.99998550479498304888 -0.0024731432684318432891 -0.0047826522240751179194 0.33272938897728171481 0.0028021746287916204921 0.9975387684871304117 0.070061067523476294738 0.81449160289212929609 0.0045976099521815305682 -0.070073453800659213364 0.99753123913748908969 -0.47528368636953460813
1520530315.6496460438 1520530315.5496430397 0.99999903619091878859 -0.0010695497658950725572 -0.00088525732492445233235 0.44993383461512909127 0.0011265950671150437579 0.99774110033997520652 0.067167160695765754097 0.8880340708682165074 0.00081141899645598147828 -0.067168093285981861351 0.99774134365753242015 -0.094631038490283300724
1520530315.7496390343 1520530315.6496460438 0.9998348293971939249 0.008472326105862848511 0.016078980522398172992 0.37937421437623802811 -0.0094890865595894102746 0.99788869332324559025 0.06425039279171534945 0.6430465342022331221 -0.015500682583304670192 -0.064392355353574570742 0.99780426608201611138 -0.66525661238119870866
1520530315.8496420383 1520530315.7496390343 0.99988940487234612142 0.010376834885174435197 0.010653606046372110505 0.69168240176743012171 -0.01096626303493491994 0.99832270064628270134 0.056846516598300256273 0.56186059006251554138 -0.010045849843297871562 -0.056957059896715567238 0.99832608612058604258 -0.45374897511712480869
1520530315.9496450424 1520530315.8496420383 0.99946494117217787867 0.020069475358948984933 0.025827263240824058221 0.89566376790420221266 -0.021578764297789376769 0.99799199400264670956 0.05955112793224007911 0.42692812748310160487 -0.024580242046707459491 -0.060076585001463955749 0.99789108405451110162 -0.1245744308733503225
1520530316.0496480465 1520530315.9496450424 0.99987127430256406146 0.0050445159197936156881 0.015231141904058220771 0.9669079746851824142 -0.0055135955370388123331 0.99950683651385408002 0.030914139585667237131 0.097412695042930028122 -0.015067683591732161652 -0.030994138497514714392 0.99940598771969368919 -0.2357959612348595746
1520530316.1502230167 1520530316.0496480465 0.99989674886763957318 -0.012429510787140440886 0.0072110238882423178045 0.93398533148064100118 0.012548899293987281212 0.9997808837176147545 -0.016754392836943878681 -0.35703800066225793719 -0.0070011949289969042237 0.016843153339491653137 0.99983363188839990965 -0.013973784816372996492
1520530316.2502260208 1520530316.1502230167 0.99992394203981205258 -0.00091269781518488191097 0.012299476340898028714 0.77340628351619578051 0.0014047809645515996202 0.99919631196679448149 -0.040059415152968215479 -0.63133490807511827292 -0.012253029258260432488 0.040073646385802970393 0.99912159727399607601 0.05708725307323621323
1520530316.3502290249 1520530316.2502260208 0.99959296848377443556 0.011116244673716746405 0.026274064439099187318 0.73129021203494593006 -0.0097820743743152749339 0.99868256142420097632 -0.050373132998975125862 -0.68195684833894254506 -0.026799410044462568248 0.050095614693814433105 0.99838480607915769394 0.012226315287115992192
1520530316.4502308369 1520530316.3502290249 0.99976823144615101224 0.0038833119068124033468 0.021175534932325865145 0.7268761090031063965 -0.0029605330895188797236 0.99905182020528116027 -0.043436111570222153688 -0.686124558599021106 -0.021324132687206884262 0.043363353573603331814 0.99883176808308848926 -0.029735706613474660598
1520530316.5502762794 1520530316.4502308369 0.99989792385130082941 0.0052256345543623683447 0.013297917933357970149 0.71293214926345482851 -0.0046150390017675735344 0.99895184807449077802 -0.04554016516847542162 -0.70030311481961982079 -0.013521955955786613482 0.045474146193899146751 0.99887399542438037869 -0.036101217715328731694
1520530316.6502802372 1520530316.5502762794 0.99999361689172594492 -0.0016400787454889376171 -0.0031743215831059549276 0.74324803547597673159 0.0015139490384116771615 0.99922485642089764468 -0.039336932632648403951 -0.66807804304431284148 0.0032363766952362808815 0.039331875779639868806 0.99922096125608839134 -0.035413078984783734338
1520530316.7502832413 1520530316.6502802372 0.99988184075415542651 0.0053613837845697398521 0.014406946032951950531 0.86840469319584756569 -0.0050209884528503168077 0.99970980754845240046 -0.023560355820590850318 -0.47766071120701592001 -0.014529081355618672644 0.023485234837042942568 0.99961860203760277699 0.13309220038993263557
1520530316.8502862453 1520530316.7502832413 0.99955390975461932968 0.011265054383763406509 0.027660080332214731502 0.95391169669304898271 -0.010785817883215781388 0.99979018000502895003 -0.017414422129441720077 -0.21972355522036934872 -0.027850451106648604904 0.01710831713650245306 0.99946568618332931599 0.20438697168241728996
1520530316.9497730732 1520530316.8502862453 0.99976865819135840585 0.0017356838209744568369 0.021438691656079311709 0.96348896042242127002 -0.0013771672767433074114 0.99985915669028724295 -0.016726332320017411881 0.11665485661305227683 -0.021464703784182498358 0.016692938155441976178 0.99963023779155213422 0.24099931031583937679
1520530317.0497760773 1520530316.9497730732 0.99977282487524843368 -0.0079926343963171997409 0.019758958382808264331 0.82179304958455656749 0.0079082505757217536058 0.99995928893601593312 0.0043451171915364628084 0.55897632242080264042 -0.019792882907710349083 -0.0041878712949899657425 0.99979533081537141914 0.11046110006436511697
1520530317.1497790813 1520530317.0497760773 0.99996823645515697798 -0.0059118848360857345625 0.0053456242337084625138 0.96362650006843475481 0.0056470716480538640791 0.99881858758236075069 0.048265305155770925338 -0.21866171844072443409 -0.0056246477725184762519 -0.048233584955534973548 0.99882024640060829146 0.1536587818981019482
1520530317.2497820854 1520530317.1497790813 0.99994531086543902987 -0.0092046866203400190543 0.0049647781865653148325 0.91451286810479159861 0.0090088375499883799336 0.99923241265654549892 0.038123829065001398064 0.39984175952480988103 -0.0053118851849769249673 -0.038077017225629256059 0.99926068902713316433 -0.061585561707694497224
1520530317.3497433662 1520530317.2497820854 0.99932965773973736479 -0.033821132509117723952 0.014013070954681822178 0.72770367250266465575 0.033346402808352271219 0.99890454076276702366 0.032828887633743059071 0.68028557969925163018 -0.015108030365450372812 -0.032339595534367868157 0.99936274594320861908 0.087515113434130889503
1520530317.449747324 1520530317.3497433662 0.99881472718316199888 -0.048506666519359087353 0.0040303926861904315615 0.77460006237587386568 0.048429992853373626804 0.9986761634569252255 0.017333676331899139367 0.60567413981378859233 -0.0048658559624554509337 -0.017117939307538687643 0.99984163726042918352 0.18208124485547316773
1520530317.5497515202 1520530317.449747324 0.99965152465077833366 -0.02377355646997589278 0.011473764689210564499 0.98255859304214143712 0.02346593316881620539 0.99938022605864507142 0.026239545413131407092 0.1843611224607155652 -0.012090460863472506092 -0.025961158982988410959 0.99958983537267342978 -0.024281428377932665064
1520530317.6497545242 1520530317.5497515202 0.99964666959577275218 0.017798085661805296276 0.019742444449837893983 0.94203361578034183754 -0.018169299407735706176 0.99965843095052264733 0.018785579271629434389 0.33547392918970642128 -0.0194013536927696989 -0.019137648139561543037 0.99962859998029995889 -0.0054689646035773510635
1520530317.7502365112 1520530317.6497545242 0.998752700775722424 0.041402620761093411605 0.02790816524449124536 0.9478895105050310077 -0.04250855660740437969 0.99828406198106889313 0.040273492643829227056 0.20041047082407090207 -0.026192848420052428082 -0.041409595369799892528 0.99879886869326861554 -0.24767139329887749577
1520530317.8502395153 1520530317.7502365112 0.99928494917176591272 0.027577021097831860841 0.02586693383745126279 0.99026057811162437883 -0.029074819550482411401 0.99780857413211843099 0.059436556566946650848 0.13307620201437275753 -0.024171165195087898625 -0.060146132841594306118 0.99789688719692570817 -0.04092324395086002764
1520530317.9502434731 1520530317.8502395153 0.99924499155109625104 0.011530092981129086427 0.037101264343636530807 0.97731145483838188781 -0.013194497205556127151 0.99890283740298380089 0.044933580669268662067 0.19117336287514952176 -0.036542469861005053011 -0.045389187964928433272 0.99830079110072877935 -0.091186981355303786678
1520530318.0502464771 1520530317.9502434731 0.99809555485494405591 0.0021179164114949883269 0.061650448569942638277 0.99937734467956673701 -0.003368930651195908843 0.99979038042170664813 0.020195185626439664944 -0.035283369183876034381 -0.061594753713840377785 -0.020364421089067150095 0.99789346959915437019 -8.2463645460446877156e-05
1520530318.1508162022 1520530318.0502464771 0.99801168483458757574 0.01372553815413729561 0.06151655497512209525 0.92718157365991715757 -0.012052641523026819126 0.99954959908212892561 -0.027483318705587678199 -0.3283541268154941406 -0.061866071201792854906 0.026687236221362743704 0.99772760844677410574 0.18032719392469376274
1520530318.2507710457 1520530318.1508162022 0.99901708620233020675 0.011620295442083705684 0.042776514697258405384 0.70895983317734101448 -0.0093457169742268697554 0.99855106139377902696 -0.052994672973751821843 -0.66576241178529627085 -0.043330347910485511598 0.052542806578978529242 0.99767817177021578257 0.23267222867154224719
1520530318.3507740498 1520530318.2507710457 0.99934578961690523347 0.015700192815160773918 0.032580618786805626286 0.4421170369127385702 -0.013987042797752091694 0.99854080663889410729 -0.052159563942964115579 -0.86751889449542962662 -0.033351992575230415827 0.051669734105306702743 0.99810715014408579737 0.22791115234873252082
1520530318.4507770538 1520530318.3507740498 0.99990401687090690874 0.0084445743932317629543 0.010983906806857603178 0.22052062059627919322 -0.0079136058096469785728 0.99883907092909607339 -0.047517209814864666551 -0.96695711287611052498 -0.011372417883374008607 0.047425726655661484821 0.99881002626258641452 0.12792418751013837075
1520530318.5507800579 1520530318.4507770538 0.99995651082599124049 0.0089744611866202778083 -0.0025368293436047635592 -0.096529388811659538883 -0.0090651359425056310393 0.99922387810155044452 -0.038333598083684569668 -0.99398566599473281435 0.0021908370666530513002 0.038354927690029877452 0.99926177739110966236 0.05171627299655565807
1520530318.6505682468 1520530318.5507800579 0.99992041654488850178 0.0089877803308636150526 -0.008853269532805914388 -0.3765917206611490986 -0.0093489128797498710632 0.99908929887264541492 -0.041631366854002441191 -0.92233176942846240021 0.0084710332701041363146 0.04171082213155033469 0.99909381386957230031 -0.086503081057477684834
1520530318.7505712509 1520530318.6505682468 0.99985637781155789483 0.0050815326972701302388 -0.016167924263729920031 -0.54978834685036115371 -0.0057267921768983653941 0.9991785715476889651 -0.040117153579013249687 -0.8279459246307054876 0.015950786843091611933 0.040203982207812447025 0.9990641682162963999 -0.11062693864946748779
1520530318.850574255 1520530318.7505712509 0.99969659949867817339 -0.015139840653655201042 -0.019429209344728193276 -0.77544874056160451037 0.014483501566238399239 0.99933415682042925354 -0.033488374018185357306 -0.56329560779183085462 0.019923281184587054993 0.033196810644744667584 0.99925023624208186845 -0.28526708363190655948
1520530318.9505772591 1520530318.850574255 0.99835401954610780706 -0.041942786814035348808 -0.039115908405682076054 -0.90272382865080003089 0.04142287349081968939 0.99904348889855842941 -0.01400902713109157538 -0.1256236512017777085 0.039666071243480482966 0.012365675220888792951 0.99913647359529322856 -0.41147100437913541882
1520530319.0499575138 1520530318.9505772591 0.99899537860094633768 -0.017297037165141943005 -0.041340610049435178031 -0.88948320680239756353 0.017900612702212964633 0.99973786561326882794 0.01427473726241945684 0.22866514000530385742 0.041082862593022018149 -0.015000418805267631828 0.99904313512321873958 -0.39564109817216636111
1520530319.1499614716 1520530319.0499575138 0.99880100737629817775 -0.010341765332871843963 -0.047849718430641619005 -0.78534529129570795902 0.011783578739300692995 0.99948197374851066588 0.029948813396799500719 0.39927243658875594123 0.047515207420220639811 -0.030476745915229086492 0.9984054652405663921 -0.47309015506575236021
1520530319.249963522 1520530319.1499614716 0.99907596787327057619 -0.013369776237923736151 -0.040846780796477105691 -0.83545906504801226156 0.015879288806789515487 0.99796570312803956071 0.061743854488915159151 0.48677592791619994639 0.039938184799489379051 -0.062335419012834195063 0.99725585329513910526 -0.2550634168798493473
1520530319.3499674797 1520530319.249963522 0.99941103559171740045 -0.0081974748543029996029 -0.033322415031086571879 -0.74801244599445526617 0.010190896827539708269 0.99814036196775945964 0.060099612583785350095 0.52608262301190711341 0.032767782337859874264 -0.060403801344648233584 0.99763603244057641461 -0.40461642873504766182
1520530319.4498331547 1520530319.3499674797 0.99975107275010932639 0.0055624086630067931525 -0.021606761554469708364 -0.98956326776347913743 -0.0039268863755968774765 0.997174834106577479 0.075012864149509347889 -0.085110909968841602646 0.021962971074040785191 -0.074909344105961117588 0.99694845306425727838 -0.11627842490135799347
1520530319.5498371124 1520530319.4498331547 0.99885127743242296816 0.018491390598126100642 -0.044206267037203400561 -0.82709005841629756883 -0.016304009121277385219 0.99864896967665206517 0.049339787700542564464 0.51378655415510654514 0.045058904316353454167 -0.048562370591939199582 0.99780328286907382651 -0.22791536156728689488
1520530319.6498401165 1520530319.5498371124 0.99677747550011019939 0.045976974459777164572 -0.065732656687163923404 -0.84332827288158063173 -0.042791435433783386877 0.99787798620423040497 0.049075632471784480515 0.48852720046502901008 0.067849520183593803324 -0.046104690309276913363 0.99662972067982280588 -0.22391649908921815171
1520530319.7499420643 1520530319.6498401165 0.99526728501676564598 0.05052807025712770933 -0.08300569553619192853 -0.9975806001934047762 -0.047555561815614696974 0.99816790996214754816 0.037407112454712065919 0.042128372655643418765 0.084743730834542979613 -0.033282692767998271755 0.99584675650742215947 -0.055300509357086795326
1520530319.850342989 1520530319.7499420643 0.99442273624667654186 0.025772259640749070608 -0.10227029025422165742 -0.98392467036508612921 -0.026786911605840152406 0.99960451457725651991 -0.0085601287016129935792 -0.12831514711231098436 0.10200922998579023404 0.011251891831025023077 0.99471981579132595641 0.12420735110492764353
1520530319.950345993 1520530319.850342989 0.99723942281117805564 0.0081888126018930806893 -0.073800250266505218466 -0.77657021562228167877 -0.01254259318883127472 0.99819538964731091557 -0.058725185763454840204 -0.49195780775598402235 0.073186180029614911202 0.059488716871553520837 0.99554250316982884073 0.39359397301824705639
1520530320.0503489971 1520530319.950345993 0.99958177620744748104 -0.020048377554284124713 -0.020840710914095450512 -0.63806596726300479627 0.018270010167853623084 0.9964421481366503297 -0.082275465026242278199 -0.69524299400331635024 0.022416052338236458485 0.081860295468918958806 0.99639169638416313912 0.33092144190129352266
1520530320.1503520012 1520530320.0503489971 0.99927071047965254635 -0.023675636772162389487 -0.029958494637133570304 -0.57873518295043280268 0.021238140765393320741 0.99663112316820212655 -0.079217079656582506386 -0.76125519685183895557 0.031733082962735831289 0.078523044744333497791 0.99640711704090079159 0.29249976629289264896
1520530320.2504022121 1520530320.1503520012 0.99960815449892670426 -0.0081201084786687860451 -0.026788081259106866217 -0.52193978846681032824 0.0067567921551405230041 0.99869632993002621646 -0.050596307612994939618 -0.77019787533448069716 0.027164005945774838402 0.050395480180182972152 0.99835986115147223874 0.36657071629560622483
1520530320.3504052162 1520530320.2504022121 0.99995801881209211981 -0.003228247405263229286 -0.0085754901950802486787 -0.57318497656272582308 0.0030932034681711573221 0.999871734733788875 -0.01571452107919643626 -0.77329493620058198378 0.008625120619446424719 0.015687335628921550423 0.999839744556679344 0.27106073911454781067
1520530320.4504082203 1520530320.3504052162 0.99995796058159869268 0.0090402921599024854693 0.001533032013331936394 -0.58740216231465403052 -0.0090074785047217220679 0.99975522177705378191 -0.020207965273649208804 -0.77238022906155845426 -0.0017153426705108498762 0.020193306989635201321 0.99979462288629361577 0.24163501704612885823
1520530320.550412178 1520530320.4504082203 0.99989120648078499975 -0.0035153710541530047706 0.014325409898193364189 -0.65423207740060107529 0.0040620599970463966422 0.99925751057479605954 -0.038313538448458861474 -0.59662964307654953178 -0.014180087128788321227 0.038367560858266147594 0.99916307748175281489 0.46477247971716534325
1520530320.6498711109 1520530320.550412178 0.99957765924603370067 -0.021927990494974847202 0.019070038517837561987 -0.71069550135000369995 0.022431846438345004469 0.99939386996456613943 -0.026621512778467165683 -0.50205688166223583213 -0.018474723315546892621 0.027038045604294208557 0.99946367051950091298 0.49279893662269341759
1520530320.749874115 1520530320.6498711109 0.99968424461943827808 -0.011315913372807510917 0.022435711805123714768 -0.89687337277875878172 0.011429517322787741129 0.99992246946764540283 -0.0049417797901505598757 0.056133736356901511866 -0.022378051600430881596 0.0051966487533180137637 0.99973607399568353848 0.43871078952205838641
1520530320.8498771191 1520530320.749874115 0.99932469859520811628 -0.029589269979574284175 0.021785818315405353074 -0.83749398460606083727 0.02903249624115056271 0.99925457543546292172 0.025444206281592607333 0.51840909255670586386 -0.02252245412035656924 -0.02479452708499452207 0.99943882778638737374 0.17278842120696508156
1520530320.9498801231 1520530320.8498771191 0.99939868831835254603 -0.025526011167689488524 0.023466668732971401878 -0.69453221707232426496 0.024998461920006653791 0.99943412247462615206 0.022505815581933180658 0.70941493716359260713 -0.02402787317242239401 -0.021905651947408066871 0.99947126207989001045 0.11981421609215434088
1520530321.0497400761 1520530320.9498801231 0.99974563113402925563 -0.0022638983103748233638 0.022439870607050771412 -0.48132543758279561219 0.002051810509433371621 0.99995305438675408105 0.0094699047637238908948 0.86122850240198989269 -0.022460256054957855598 -0.009421453552446334978 0.99970334255263149092 0.16312967169143682833
1520530321.1497430801 1520530321.0497400761 0.99977807041178667902 0.010394202564840804293 0.018324040949673436884 -0.76815297579048480436 -0.010622740962952681443 0.99986645212082603251 0.012419150443802887129 0.62635687130880646212 -0.018192506647470824133 -0.012611045807261994645 0.99975496709220179614 -0.13273309891834145224
1520530321.2497470379 1520530321.1497430801 0.99981227207337042273 0.019369691384177684101 -0.00048545562778859463471 -0.30686260429731065935 -0.019345414924103659926 0.99933435075484378096 0.030929117717922172126 0.75138053086346068277 0.0010842199495976201362 -0.030913920118233684242 0.99952146250594564592 -0.58417689095274594191
1520530321.349750042 1520530321.2497470379 0.99960403180348500474 0.027922265510666816057 -0.0034823398698403673635 -0.33466946578508127708 -0.027753702026762999688 0.99875103050491786938 0.041546493103209014564 0.56917593395466536954 0.0046380627450364753095 -0.041433394190159900106 0.99913050309749629196 -0.75102270596697862093
1520530321.4498562813 1520530321.349750042 0.99996583490411472539 0.0048310714373049207238 -0.0067074416348242710262 -0.09236141789142549019 -0.0046298039276098379435 0.99954799795493221026 0.029704624217094077743 0.70832112362040733355 0.0068479150190993154368 -0.029672555216134433032 0.99953621521525526372 -0.69982180183115882954
1520530321.5498592854 1520530321.4498562813 0.99999166164455877137 0.00019018457017568046741 0.0040792733646255879831 -0.15151757776570012881 -0.0003870902981080032168 0.99883166303699666422 0.048323483689081847547 0.51559723316492722667 -0.0040653170177966935217 -0.048324659797841673647 0.9988234080421665162 -0.84332788213166975932
1520530321.6498622894 1520530321.5498592854 0.99998090996309296763 -0.0060584661466583644707 -0.0012143711685740909978 -0.30634565649057909908 0.0061306152194650492815 0.99734509034446883202 0.072561603640041494323 0.40744697642767940815 0.00077153510363286992302 -0.072567663278717997599 0.9973631931146498264 -0.86031348946142760514
1520530321.7498652935 1520530321.6498622894 0.99988925817778839811 -0.013273880892769956974 -0.0067287046834058616973 -0.16965616988794521292 0.01371681786592893193 0.99740126588522670659 0.070728804020572438871 0.24463995624777165605 0.0057723728487395209452 -0.070813267800548529429 0.99747288725814653443 -0.9546559986854121771
1520530321.8501520157 1520530321.7498652935 0.99981588119773134871 -0.018540336808166767157 -0.0049456663699915248689 -0.15906592011201972636 0.018670224330939323709 0.99944314657302935068 0.027655370032502152311 -0.28046295671551585427 0.0044301724837677025626 -0.027742614859489311829 0.99960528254532632353 -0.94659313486275964422
1520530321.9501550198 1520530321.8501520157 0.99990357520329975483 -0.0080936131632234897815 -0.01128422445818485359 -0.029375010722051973777 0.0075843226740531267949 0.99898203553540487754 -0.044467636851026837164 -0.61320752892095065079 0.01163264136963087364 0.044377765868766294588 0.99894709346955035123 -0.78937547163548238416
1520530322.0501580238 1520530321.9501550198 0.99997555767058643461 0.0054366756767976961995 0.0043962050663377341686 -0.025956748648008395181 -0.0050354440797065781743 0.99622776905240484346 -0.086630690126471399104 -0.73518915615436342126 -0.0048506045314096503385 0.086606435825831717956 0.99623079500145250709 -0.67736485875240082244
1520530322.1501619816 1520530322.0501580238 0.99987286406198860877 0.0080916955709179408385 0.013739729810428071011 0.074553451042232002366 -0.0069982608571974719291 0.99694090049112549234 -0.077845136475686249611 -0.75232957410751966076 -0.014327597755750896835 0.077739085347920122704 0.99687078127098183167 -0.65455480661354203953
1520530322.2502067089 1520530322.1501619816 0.99978978146989772036 0.010767003293796484353 0.017448911382820536664 0.4305352499525814669 -0.010041681691367099205 0.99910310140386937583 -0.041135840747195673295 -0.66667437574752996809 -0.017876171211515468062 0.040951976817252155882 0.99900119023831801535 -0.60842803622935526242
1520530322.350209713 1520530322.2502067089 0.99972575337900448922 0.014757561888983083964 0.018183299972035604775 0.68409923431480035294 -0.01461653568374426948 0.99986224410385449168 -0.0078644580366740435284 -0.44438243050369813369 -0.018296855341452089583 0.0075965243827429140833 0.99980373969190372563 -0.57838783966256512858
1520530322.4502136707 1520530322.350209713 0.99978962370923896152 0.011300103541865592904 0.017117709638879763379 0.96075698003066067887 -0.011143677264199824614 0.99989552616359356207 -0.0092062595586550090287 -0.015514893090322980085 -0.017219952972329366503 0.0090135685481993760987 0.99981109655857347551 -0.27695724113075664841
1520530322.5502157211 1520530322.4502136707 0.99962354319639934452 -0.014644978787235862772 0.023201217291300868517 0.78367115642534601605 0.015113019362311408411 0.99968318267046596404 -0.020127864556449354128 0.50407841047200763196 -0.02289909459413502768 0.020470927731047638964 0.99952817498287638287 -0.36299376672744054773
1520530322.6500234604 1520530322.5502157211 0.99973181167968594441 -0.013828776675537002294 0.018576050476645455944 0.807278601917808869 0.013667756561391852799 0.99986815447661325784 0.0087673310710546237257 0.5353364300815562915 -0.018694842770969971602 -0.0085110868394741856502 0.99978900986887209168 -0.24842738478912296252
1520530322.7500274181 1520530322.6500234604 0.99992612283537529727 -0.0013295855398420264315 0.012082262772594054567 0.81971449819285402416 0.00091329116511185137739 0.99940788497495569587 0.034395426282190944001 0.54899171387943113132 -0.012120840344691380386 -0.03438185062177635809 0.99933526585283694033 -0.16332862438703876773
1520530322.8500304222 1520530322.7500274181 0.99983696911807762309 0.010602196095625016081 0.014616039912606043627 0.74444340312716505981 -0.010946540367156476492 0.99965955823013596948 0.023684190784567044075 0.65015754944504233759 -0.014359959567045568751 -0.023840324600967216506 0.99961264021827656023 -0.15198414535754550814
1520530322.9500334263 1520530322.8500304222 0.99969468769209646197 0.016788434844667243784 0.01812952993511367239 0.83132336905674431016 -0.017389115430609058954 0.99928743971105793431 0.033499723883336017527 0.53573308212021975017 -0.017554203620294972499 -0.0338047524940675026 0.99927428098799364609 -0.14795783447358992757
1520530323.0500364304 1520530322.9500334263 0.99950703272448970793 0.02974920083309534613 0.010033772175925867454 0.90227372096584801398 -0.0302590819531004529 0.99801603769620039763 0.055212104293644585773 0.42877421781627095276 -0.0083713495711143018352 -0.055488499267586033348 0.99842423195522889134 0.045329930404626184171
1520530323.1500761509 1520530323.0500364304 0.99997636895847807903 -0.00094458434110661348981 0.0068094996174707725367 0.96182005222429356461 0.00041385071427513242526 0.99699038964046460265 0.077524136190873380037 0.27366879639682034631 -0.006862233761982533195 -0.077519486098511669603 0.9969672206360740141 0.0027526383658655348766
1520530323.250079155 1520530323.1500761509 0.99994701179063871788 -0.0013963433038741146497 0.010199207633434015374 0.95542893666561201638 0.00056478554037681094613 0.99670713401701460654 0.081083722268304334047 0.097147833796247459737 -0.010278843722206831846 -0.081073665422059612573 0.99665510892523201392 0.27877920541301942636
1520530323.350082159 1520530323.250079155 0.99963855443131666156 -0.010611401367546041685 0.024701389748044699779 0.8585948987697921142 0.0098341981156995217361 0.99945928507773573735 0.031375564047877127494 -0.23837200944811268166 -0.025020972041252254048 -0.031121305128771786785 0.99920238957139839719 0.45386516160436868317
1520530323.4500851631 1520530323.350082159 0.9994893886168563224 -0.018164724257734798929 0.02628697082097436466 0.6738768460800466098 0.019642902297991982064 0.99817450817958697229 -0.057112236952783779209 -0.62586621753434745763 -0.025201556134767488793 0.057599427194025470955 0.99802163681721156596 0.39265948870039735219
1520530323.5503458977 1520530323.4500851631 0.9998984405711324186 0.0035599279491373425621 0.013799835376388430719 0.50406305877722523689 -0.0022777002790650424657 0.99577099034742544426 -0.091841966790492557404 -0.78441764395231616813 -0.01406842652385872916 0.091801207483911462237 0.99567796886324577699 0.36139921504126859553
1520530323.6503489017 1520530323.5503458977 0.99978149097479374063 0.020605230588710443662 0.0035206216217317787276 0.52776387589001583223 -0.020351227155293860616 0.99791688841035597335 -0.061218554202692565536 -0.72094764417049983507 -0.0047747101996834517834 0.061133528425737437839 0.99811817629213051006 0.44910999284201424953
1520530323.7503530979 1520530323.6503489017 0.99984745189136514654 0.013189093357642983628 0.011450797472118523501 0.51012836490970492331 -0.012544164639433030839 0.9984253933776817691 -0.054675202716774451428 -0.52076714322522121847 -0.012153883323567871155 0.054523221429267743066 0.99843853163083196023 0.68452219383420487286
1520530323.850356102 1520530323.7503530979 0.99993540348441689591 -0.0087060863915965902571 0.0073070457914153896795 0.57287636292790877768 0.0090340049132610067417 0.99889536498955810995 -0.0461133013088860233 -0.56726992300696166271 -0.0068975077878145607535 0.046176334437880273143 0.99890949065678502627 0.59162277445190225578
1520530323.9501540661 1520530323.850356102 0.99981240797778569984 -0.018850577897422560181 0.0044502321956533807956 0.59262677905270044754 0.018949099307693229033 0.99955019929923882849 -0.023245014869415325798 -0.52236679000288055441 -0.0040100485145702080558 0.023324982181887221611 0.99971989312863307475 0.6131284020918527089
1520530324.0501570702 1520530323.9501540661 0.99990788857000667544 -0.012398186299966362789 0.0055226218359032963612 0.68943201211578208909 0.01250275010275800347 0.99973517998526251205 -0.019319708582245853634 -0.28570450606489317114 -0.0052816299888432394205 0.019386976976987574384 0.99979810437325555839 0.66562484620407635916
1520530324.1501600742 1520530324.0501570702 0.99999225650435796808 0.0014718924912755504408 -0.0036497210597472573568 0.67526435261582129499 -0.0015268070265625210968 0.99988498321708974004 -0.015089373653795104535 -0.11728750319795368251 0.0036270913447928321283 0.015094829229054793074 0.99987948790787961606 0.72819070007788799792
1520530324.2501630783 1520530324.1501600742 0.99977394443705636107 0.01639639924091937373 0.013535808682970884576 0.69898265752017985086 -0.01605523990479505031 0.99956003126699111139 -0.024939389830771541146 0.071678245725030884095 -0.013938769542864493101 0.024716431487253442967 0.99959732328481454289 0.7115374013892794558
1520530324.3499097824 1520530324.2501630783 0.99984759941303880115 0.017332157625086039299 0.0020914731752951221111 0.69427812915689912643 -0.017372710811280139831 0.99962334345454395557 0.021245238050601786273 0.16785616759806887277 -0.0017224595935584896544 -0.021278334822496691725 0.99977210683241723999 0.69985869028946501302
1520530324.4499127865 1520530324.3499097824 0.9999476703204985828 0.0046348358528778554888 0.0091200283565510131822 0.72719769170989490004 -0.0053358205648140200061 0.99690745585874807055 0.078403147080587876072 0.32793412752668688048 -0.0087284385492205074364 -0.078447707103885766511 0.99688001866354736258 0.60302796384173706912
1520530324.5499148369 1520530324.4499127865 0.99985670922213776279 -0.01091696777124634421 0.012937574662940876102 0.43803100565097702335 0.010220345794494462011 0.99855599772802294822 0.052739586016896378151 0.51770926987394316754 -0.013494649136549186075 -0.052599802433794529133 0.99852448904801893725 0.73491900912616381358
1520530324.6499187946 1520530324.5499148369 0.99997377341251270089 0.0015613722486649828092 0.0070721003840175100663 0.60343564582936437546 -0.0016891608690333681508 0.99983476162326212489 0.018099618374794235187 0.47038704540420600564 -0.0070426715597880495956 -0.018111089598799867684 0.99981117677831821133 0.64389552635377078627
1520530324.7500197887 1520530324.6499187946 0.99997253024557530843 -0.0026432684678487639029 0.0069247300358111774088 0.64498680422555565439 0.0025317245920211117749 0.99986770270669345084 0.016067590193597880432 0.3699895782223230345 -0.0069662848672835675501 -0.016049617311515967932 0.99984692861422652665 0.66865516851496265005
1520530324.8500227928 1520530324.7500197887 0.99970008489407580221 0.015715198607975988665 0.018782246816848036097 0.63271329937506570751 -0.015299888203452960411 0.99963968706159556099 -0.022054692751354521008 0.53703097747828454356 -0.019122073207133050143 0.021760711939334653753 0.99958032080076186787 0.55791720713976644674
1520530324.9500257969 1520530324.8500227928 0.9996162064490976551 -0.0023999580324408353871 0.027598550790899678553 0.72902810302575526968 0.0024776303389237724906 0.99999306503146001557 -0.002780510185197856976 0.15285986716817043241 -0.02759168628806513146 0.0028478220500704337637 0.99961522035098693273 0.6671970368699176035
1520530325.050028801 1520530324.9500257969 0.99996921295795315743 -0.0023187176652469387861 0.0074964448000624517299 0.87859647051569900178 0.0023715730947258262251 0.99997233936929486031 -0.0070495487341894619293 0.20082975784782303164 -0.007479891530489279905 0.0070671100662299396467 0.99994705218726631646 0.43328472204791745881
1520530325.150816679 1520530325.050028801 0.99997580889489201539 0.0048511919520867752276 -0.0049847328566395756461 0.83831305565439473426 -0.0048958135781361211691 0.99994770477434902212 -0.0089787931214790981521 0.54497554507410028712 0.0049409143299802664451 0.0090029802373541700095 0.99994726546574930204 0.015260274918201501698
1520530325.2508196831 1520530325.150816679 0.99938791444038788114 0.0079061132448526305616 -0.03407770303074042495 0.87373174320700253137 -0.0069927488504330503893 0.99961531728761632287 0.026838757562405265999 0.37625748080524151762 0.034276784184146369405 -0.026584033127769926552 0.99905875265104182592 -0.30825825057984390654
1520530325.3508236408 1520530325.2508196831 0.99873192025075518963 -0.0038419507801126517865 -0.050197518727944312467 0.85543869338679034975 0.0062062804424892481503 0.99887420103759683165 0.047029911594348772219 -0.27812710295118531212 0.049960319807906661271 -0.047281813794589774846 0.99763139311520532271 -0.43688666317556723584
1520530325.4508266449 1520530325.3508236408 0.99926584387150085842 0.0085368436893929477982 -0.037348300785980559358 0.58324007600914917759 -0.0081015269855369553831 0.99989765818610520931 0.011791455145382545577 -0.78701288780465183947 0.037445140302579019154 -0.011480220109641947612 0.99923273866199702198 -0.20110128832562040868
1520530325.5509128571 1520530325.4508266449 0.99978326184117216613 0.0043010823536477338358 -0.020369831438016045011 0.39483742126813159423 -0.00434295197557105217 0.99998854588817776001 -0.0020116810348264069219 -0.85371892036574503759 0.020360945713888939368 0.0020997102264686540174 0.99979048960599781193 -0.33951055326142492996
1520530325.6509168148 1520530325.5509128571 0.99975136292952448969 -0.019174979659648899721 0.011381233483688163455 0.27233629381525070734 0.019436476403897978704 0.99953889876356272204 -0.023328378501838997749 -0.74156883723375277562 -0.010928664399591447864 0.023543789278202331694 0.99966307037964785565 -0.61311385787205407993
1520530325.7509188652 1520530325.6509168148 0.99964410115826451975 -0.023335180673232508441 0.012928277628256490406 0.21570785771646175388 0.023752693257258150616 0.99916837256904189601 -0.033141708175034756412 -0.65156744686759204832 -0.01214415836986190711 0.033436994492330951445 0.99936704309117951883 -0.72727572646268268119
1520530325.8509218693 1520530325.7509188652 0.99982638413152313817 -0.012051955129103057718 0.014210980685728194506 0.11724944133449816119 0.01231731309664432783 0.99974860147534438948 -0.018735464930768330749 -0.41571785352181950257 -0.013981609083481311151 0.018907253255269429459 0.99972347695839236525 -0.90190422704961203948
1520530325.9505410194 1520530325.8509218693 0.99952406788223613354 -0.0053018283098341806303 0.030389609091261315932 0.10152700829624938805 0.0052068698783374767897 0.99998131452002214647 0.0032029856193835498646 0.1045311013760740898 -0.030406022926661960271 -0.0030432264754629012593 0.99953299722540556171 -0.98932578831824580234
1520530326.0505490303 1520530325.9505410194 0.99973009310050264808 -0.00048524037437169126319 0.023227257501472267642 0.089921427597366446194 0.00014695708394390355478 0.99989393498094814028 0.014563556980733083357 0.39615527890305046732 -0.023231860727804337641 -0.014556212766192178076 0.99962412801864153344 -0.91376973678060602335
